captured_date,market,market_name,chart,period_suffix,rank,image_url,primary_name,secondary_name,release_date,metric_value,raw_text
2026-08-16,global,Global,top_videos_daily,,1,https://i.ytimg.com/vi/fcnDmrtj6Sk/mqdefault.jpg,Dai Dai,Shakira / Burna Boy,,,Dai Dai Shakira & Burna Boy
2026-08-16,global,Global,top_videos_daily,,2,https://i.ytimg.com/vi/MjxGwfa5lxw/mqdefault.jpg,Pakistan Zindabad,Sahir Ali Bagga,,,Pakistan Zindabad Sahir Ali Bagga
2026-08-16,global,Global,top_videos_daily,,3,https://i.ytimg.com/vi/xvT1jH8B9AM/mqdefault.jpg,KALYANI (Remix),ARJN / KDS / FIFTY4 / 舒蕾亞·戈沙爾,,,"KALYANI (Remix) ARJN , KDS , FIFTY4 & 舒蕾亞·戈沙爾"
2026-08-16,global,Global,top_videos_daily,,4,https://i.ytimg.com/vi/yebNIHKAC4A/mqdefault.jpg,Golden,HUNTR/X / EJAE / AUDREY NUNA / REI AMI / KPop Demon Hunters Cast,,,"Golden HUNTR/X , EJAE , AUDREY NUNA , REI AMI & KPop Demon Hunters Cast"
2026-08-16,global,Global,top_videos_daily,,5,https://i.ytimg.com/vi/ApXoWvfEYVU/mqdefault.jpg,Sunflower,Post Malone / Swae Lee,,,Sunflower Post Malone & Swae Lee
2026-08-16,global,Global,top_videos_daily,,6,https://i.ytimg.com/vi/xZ8tNY607nc/mqdefault.jpg,Meray Watan Ye Aqeedatien | Hammad Ali Shah | Official PAF Song,Hammad Ali,,,Meray Watan Ye Aqeedatien | Hammad Ali Shah | Official PAF Song Hammad Ali
2026-08-16,global,Global,top_videos_daily,,7,https://i.ytimg.com/vi/u9BdaJTWeiw/mqdefault.jpg,Barbaadi,Shilpi Raj,,,Barbaadi Shilpi Raj
2026-08-16,global,Global,top_videos_daily,,8,https://i.ytimg.com/vi/23cipSExADA/mqdefault.jpg,เพราะพี่รักจริง,หนึ่ง บีเคแบนด์,,,เพราะพี่รักจริง หนึ่ง บีเคแบนด์
2026-08-16,global,Global,top_videos_daily,,9,https://i.ytimg.com/vi/YyepU5ztLf4/mqdefault.jpg,Shararat,Madhubanti Bagchi / 雅斯文·桑德拉斯 / 沙赫瓦特·薩赫迪夫,,,"Shararat Madhubanti Bagchi , 雅斯文·桑德拉斯 & 沙赫瓦特·薩赫迪夫"
2026-08-16,global,Global,top_videos_daily,,10,https://i.ytimg.com/vi/m7k9UMcHbr0/mqdefault.jpg,"KATSEYE (캣츠아이) ""Animal"" Official MV",KATSEYE,,,"KATSEYE (캣츠아이) ""Animal"" Official MV KATSEYE"
2026-08-16,global,Global,top_videos_daily,,11,https://i.ytimg.com/vi/8F2s8ivKXNY/mqdefault.jpg,Life Goes On,Oliver Tree,,,Life Goes On Oliver Tree
2026-08-16,global,Global,top_videos_daily,,12,https://i.ytimg.com/vi/l71aOtTJ1gE/mqdefault.jpg,Tiranga,B Praak,"5月 14, 2024",1995570,"12 15 Tiranga B Praak 5月 14, 2024 27 7 1,995,570"
2026-08-16,global,Global,top_videos_daily,,13,https://i.ytimg.com/vi/A_RV2H2F9jw/mqdefault.jpg,Basinga Balaalu,Srinidhi Nerella / Kalyan Keys / Swamy Naresh,,,"Basinga Balaalu Srinidhi Nerella , Kalyan Keys & Swamy Naresh"
2026-08-16,global,Global,top_videos_daily,,14,https://i.ytimg.com/vi/69L-nKRY3ac/mqdefault.jpg,Sebebi Yar,Blok3,,,Sebebi Yar Blok3
2026-08-16,global,Global,top_videos_daily,,15,https://i.ytimg.com/vi/6rvUyBiBtik/mqdefault.jpg,Tera Mera Rishta,Sayeed Quadri / Mustafa Zahid / Pritam,,,"Tera Mera Rishta Sayeed Quadri , Mustafa Zahid & Pritam"
2026-08-16,global,Global,top_videos_daily,,16,https://i.ytimg.com/vi/F2m4HPLvj-4/mqdefault.jpg,Jaiye Sajana,雅斯文·桑德拉斯 / 施廷德·薩爾塔 / 沙赫瓦特·薩赫迪夫,,,"Jaiye Sajana 雅斯文·桑德拉斯 , 施廷德·薩爾塔 & 沙赫瓦特·薩赫迪夫"
2026-08-16,global,Global,top_videos_daily,,17,https://i.ytimg.com/vi/DgFemuNxBrk/mqdefault.jpg,KATSEYE - That Way (Official Lyric Video),KATSEYE,,,KATSEYE - That Way (Official Lyric Video) KATSEYE
2026-08-16,global,Global,top_videos_daily,,18,https://i.ytimg.com/vi/46kMhdOoeHM/mqdefault.jpg,Aye Mere Watan Ke Logon,C·蘭德拉 / Pradeep Irinjalakkuda / 拉塔・曼蓋施卡 / 坦尼許・巴格奇,,,"Aye Mere Watan Ke Logon C·蘭德拉 , Pradeep Irinjalakkuda , 拉塔・曼蓋施卡 & 坦尼許・巴格奇"
2026-08-16,global,Global,top_videos_daily,,19,https://i.ytimg.com/vi/OQac93ARgQE/mqdefault.jpg,Nano,Saint Levant / TUL8TE,,,Nano Saint Levant & TUL8TE
2026-08-16,global,Global,top_videos_daily,,20,https://i.ytimg.com/vi/ebZj_nrmH-c/mqdefault.jpg,Barsaat,Banjaare / Roni,,,Barsaat Banjaare & Roni
2026-08-16,global,Global,top_videos_daily,,21,https://i.ytimg.com/vi/bP8ATWCvqzw/mqdefault.jpg,Arz Kiya Hai,Anuv Jain,,,Arz Kiya Hai Anuv Jain
2026-08-16,global,Global,top_videos_daily,,22,https://i.ytimg.com/vi/kwwdY1bp-Ck/mqdefault.jpg,Todo Lo Fue - (Video Oficial) - Lenin Ramirez - DEL Records 2026,DEL Records,,2026,Todo Lo Fue - (Video Oficial) - Lenin Ramirez - DEL Records 2026 DEL Records
2026-08-16,global,Global,top_videos_daily,,23,https://i.ytimg.com/vi/oafxkMv4xnc/mqdefault.jpg,Bairan,Banjaare,"2月 13, 2026",1584549,"23 3 Bairan Banjaare 2月 13, 2026 20 162 1,584,549"
2026-08-16,global,Global,top_videos_daily,,24,https://i.ytimg.com/vi/aRNfSqsgrgE/mqdefault.jpg,Sheesha,Mitta Ror / Swara Verma,,,Sheesha Mitta Ror & Swara Verma
2026-08-16,global,Global,top_videos_daily,,25,https://i.ytimg.com/vi/oMvXwtmYVWc/mqdefault.jpg,KATSEYE - Bel Air (Official Lyric Video),KATSEYE,,,KATSEYE - Bel Air (Official Lyric Video) KATSEYE
2026-08-16,global,Global,top_videos_daily,,26,https://i.ytimg.com/vi/aRiVUVNUhIs/mqdefault.jpg,なんもねえ - Nannmonee,Wasureranneyo,,,なんもねえ - Nannmonee Wasureranneyo
2026-08-16,global,Global,top_videos_daily,,27,https://i.ytimg.com/vi/asG7cwxi1sA/mqdefault.jpg,Saiyaara,舒蕾亞·戈沙爾 / Arslan Nizami / Irshad Kamil,,,"Saiyaara 舒蕾亞·戈沙爾 , Arslan Nizami & Irshad Kamil"
2026-08-16,global,Global,top_videos_daily,,28,https://i.ytimg.com/vi/27C4pfRsf9g/mqdefault.jpg,ICONIC BY MISTAKE,LE SSERAFIM / ILLIT / KATSEYE,,,"ICONIC BY MISTAKE LE SSERAFIM , ILLIT & KATSEYE"
2026-08-16,global,Global,top_videos_daily,,29,https://i.ytimg.com/vi/5GCfYLguTIs/mqdefault.jpg,Boyfriend,Karan Aujla,,,Boyfriend Karan Aujla
2026-08-16,global,Global,top_videos_daily,,30,https://i.ytimg.com/vi/vutbVGewIcg/mqdefault.jpg,Las Mas Bonitas Son P*tas,Anuel AA,,,Las Mas Bonitas Son P*tas Anuel AA
2026-08-16,global,Global,top_videos_daily,,31,https://i.ytimg.com/vi/UH21OnJwxZE/mqdefault.jpg,PHƯƠNG MỸ CHI x DTAP | 'THIÊN ĐƯỜNG VỚI NGƯỜI THƯƠNG' | OFFICIAL MUSIC VIDEO,Phương Mỹ Chi,,,PHƯƠNG MỸ CHI x DTAP | 'THIÊN ĐƯỜNG VỚI NGƯỜI THƯƠNG' | OFFICIAL MUSIC VIDEO Phương Mỹ Chi
2026-08-16,global,Global,top_videos_daily,,32,https://i.ytimg.com/vi/drlfr5Rtb1o/mqdefault.jpg,Des Rangila,Mahalakshmi Iyer,,,Des Rangila Mahalakshmi Iyer
2026-08-16,global,Global,top_videos_daily,,33,https://i.ytimg.com/vi/bMhDJ0S0OBA/mqdefault.jpg,It's Me,ILLIT,"4月 30, 2026",1343339,"33 9 It's Me ILLIT 4月 30, 2026 24 107 1,343,339"
2026-08-16,global,Global,top_videos_daily,,34,https://i.ytimg.com/vi/BZ4UzthYTss/mqdefault.jpg,This & That,Stray Kids,,,This & That Stray Kids
2026-08-16,global,Global,top_videos_daily,,35,https://i.ytimg.com/vi/-FBwd9cWJoQ/mqdefault.jpg,Kırgınım,Blok3,"6月 4, 2026",1268231,"35 7 Kırgınım Blok3 6月 4, 2026 28 67 1,268,231"
2026-08-16,global,Global,top_videos_daily,,36,https://i.ytimg.com/vi/dTWEFx3DeM8/mqdefault.jpg,Anor,Mirjalol Nematov,,,Anor Mirjalol Nematov
2026-08-16,global,Global,top_videos_daily,,37,https://i.ytimg.com/vi/b68HETiNO98/mqdefault.jpg,Pavazha Malli,Sai Abhyankkar / Shruti Haasan,,,Pavazha Malli Sai Abhyankkar & Shruti Haasan
2026-08-16,global,Global,top_videos_daily,,38,https://i.ytimg.com/vi/ZvXN0TcZLfQ/mqdefault.jpg,Fortuner,Raj Mawar / Ruchika Jangid,,,Fortuner Raj Mawar & Ruchika Jangid
2026-08-16,global,Global,top_videos_daily,,39,https://i.ytimg.com/vi/ko70cExuzZM/mqdefault.jpg,The Fate of Ophelia,Taylor Swift,,,The Fate of Ophelia Taylor Swift
2026-08-16,global,Global,top_videos_daily,,40,https://i.ytimg.com/vi/q2IMrkhSjSA/mqdefault.jpg,ÇOK GÜZEL GÜLÜYORSUN,Blok3 / Poizi,,,ÇOK GÜZEL GÜLÜYORSUN Blok3 & Poizi
2026-08-16,global,Global,top_videos_daily,,41,https://i.ytimg.com/vi/GX9x62kFsVU/mqdefault.jpg,Gehra Hua,Arijit Singh / Armaan Khan / 沙赫瓦特·薩赫迪夫 / Irshad Kamil,,,"Gehra Hua Arijit Singh , Armaan Khan , 沙赫瓦特·薩赫迪夫 & Irshad Kamil"
2026-08-16,global,Global,top_videos_daily,,42,https://i.ytimg.com/vi/cL0KKSPjZf8/mqdefault.jpg,Boom Shaka,KR$NA / Dhanda Nyoliwala,,,Boom Shaka KR$NA & Dhanda Nyoliwala
2026-08-16,global,Global,top_videos_daily,,43,https://i.ytimg.com/vi/A7ShtPRP2Mc/mqdefault.jpg,Kayıp Kalp,Blok3,,,Kayıp Kalp Blok3
2026-08-16,global,Global,top_videos_daily,,44,https://i.ytimg.com/vi/RO75uUZiAw0/mqdefault.jpg,Teh Hijau,圖魯斯,"6月 29, 2026",1149694,"44 9 Teh Hijau 圖魯斯 6月 29, 2026 35 40 1,149,694"
2026-08-16,global,Global,top_videos_daily,,45,https://i.ytimg.com/vi/oRdxUFDoQe0/mqdefault.jpg,Beat It,Michael Jackson,,,Beat It Michael Jackson
2026-08-16,global,Global,top_videos_daily,,46,https://i.ytimg.com/vi/2yreX_ZCfgM/mqdefault.jpg,Peão Todo Tatuado,Mariana Fagundes / jeninho,,,Peão Todo Tatuado Mariana Fagundes & jeninho
2026-08-16,global,Global,top_videos_daily,,47,https://i.ytimg.com/vi/LX2zshAgECQ/mqdefault.jpg,Aankhon Se Tune 2.0,Dev Negi / Palak Muchhal / Kumar Sanu / Alka Yagnik,,,"Aankhon Se Tune 2.0 Dev Negi , Palak Muchhal , Kumar Sanu & Alka Yagnik"
2026-08-16,global,Global,top_videos_daily,,48,https://i.ytimg.com/vi/k-A-ktbCcnA/mqdefault.jpg,Jeve Pakistan ( Official Video ) | Sahir Ali Bagga | Latest Anthem Pakistan 2021,Sahir Ali Bagga,,2021,Jeve Pakistan ( Official Video ) | Sahir Ali Bagga | Latest Anthem Pakistan 2021 Sahir Ali Bagga
2026-08-16,global,Global,top_videos_daily,,49,https://i.ytimg.com/vi/7X4jDB_ET0M/mqdefault.jpg,New Song 2026 | New Hindi Song | Mohabbat Rone Lagi | Yash | Kriti Sanon | New Song,Gaurav Mali,,2026,New Song 2026 | New Hindi Song | Mohabbat Rone Lagi | Yash | Kriti Sanon | New Song Gaurav Mali
2026-08-16,global,Global,top_videos_daily,,50,https://i.ytimg.com/vi/C40oligg6xE/mqdefault.jpg,นาฬิกาทราย (sign),BOWKYLION,,,นาฬิกาทราย (sign) BOWKYLION
2026-08-16,global,Global,top_videos_daily,,51,https://i.ytimg.com/vi/5Y3a06rJjoU/mqdefault.jpg,Garee2a Awy (Live),TUL8TE,,,Garee2a Awy (Live) TUL8TE
2026-08-16,global,Global,top_videos_daily,,52,https://i.ytimg.com/vi/0pg0raFMNIU/mqdefault.jpg,Toz Pembe,manifest,,,Toz Pembe manifest
2026-08-16,global,Global,top_videos_daily,,53,https://i.ytimg.com/vi/9dV6Hl2u3vM/mqdefault.jpg,Neno Butterfly,Sublahshini / G.V. Prakash Kumar,,,Neno Butterfly Sublahshini & G.V. Prakash Kumar
2026-08-16,global,Global,top_videos_daily,,54,https://i.ytimg.com/vi/-q_S27LbNKU/mqdefault.jpg,BAD,ATEEZ,"6月 25, 2026",1050897,"54 6 BAD ATEEZ 6月 25, 2026 48 44 1,050,897"
2026-08-16,global,Global,top_videos_daily,,55,https://i.ytimg.com/vi/gJAbDSse5WM/mqdefault.jpg,Tìm Em,Hngle,"6月 18, 2026",1020744,"55 10 Tìm Em Hngle 6月 18, 2026 45 54 1,020,744"
2026-08-16,global,Global,top_videos_daily,,56,https://i.ytimg.com/vi/-0RUAQAMUac/mqdefault.jpg,تباعاً تباعاً,Sherine,,,تباعاً تباعاً Sherine
2026-08-16,global,Global,top_videos_daily,,57,https://i.ytimg.com/vi/icTm9MvrBRY/mqdefault.jpg,Jalwa Jalwa,Sukhwinder Singh / Udit Narayan,,,Jalwa Jalwa Sukhwinder Singh & Udit Narayan
2026-08-16,global,Global,top_videos_daily,,58,https://i.ytimg.com/vi/anhQ3fC1_hY/mqdefault.jpg,Be My Friend (The Verity Band),Horror Skunx,,,Be My Friend (The Verity Band) Horror Skunx
2026-08-16,global,Global,top_videos_daily,,59,https://i.ytimg.com/vi/Iz-nC59AIWc/mqdefault.jpg,UNA BABY EN SANTIAGO,Lil Naay,,,UNA BABY EN SANTIAGO Lil Naay
2026-08-16,global,Global,top_videos_daily,,60,https://i.ytimg.com/vi/5gwy0gcjIkI/mqdefault.jpg,Tere Sang Yaara,馬諾伊·蒙塔舍 / 阿蒂夫·阿斯拉姆,,,Tere Sang Yaara 馬諾伊·蒙塔舍 & 阿蒂夫·阿斯拉姆
2026-08-16,global,Global,top_videos_daily,,61,https://i.ytimg.com/vi/NJ1NIIdHhXs/mqdefault.jpg,Bum Bum Bole,Shaan / 阿米爾·罕,,,Bum Bum Bole Shaan & 阿米爾·罕
2026-08-16,global,Global,top_videos_daily,,62,https://i.ytimg.com/vi/NMi_lajFQwE/mqdefault.jpg,14 August Song - Pakistan Zindabad - Jalabeeb Qadri - Cheetah Productions - Naat 2026 - Songs,Cheetah Productions,,2026,14 August Song - Pakistan Zindabad - Jalabeeb Qadri - Cheetah Productions - Naat 2026 - Songs Cheetah Productions
2026-08-16,global,Global,top_videos_daily,,63,https://i.ytimg.com/vi/I_46tPHvVOw/mqdefault.jpg,DICHAVATE,Ya Ice Dilan / Rey Tony / Helabusador / JipMusic Global / dj honda,,,"DICHAVATE Ya Ice Dilan , Rey Tony , Helabusador , JipMusic Global & dj honda"
2026-08-16,global,Global,top_videos_daily,,64,https://i.ytimg.com/vi/Si9kWKnJKxE/mqdefault.jpg,ZOMBIE,LAZARO,"5月 21, 2026",908329,"64 14 ZOMBIE LAZARO 5月 21, 2026 50 82 908,329"
2026-08-16,global,Global,top_videos_daily,,65,https://i.ytimg.com/vi/ZcO4s0UU4Uk/mqdefault.jpg,Kamar DJ Pe,Manish Sonipat Aala / Bali Sharma / Vampire,,,"Kamar DJ Pe Manish Sonipat Aala , Bali Sharma & Vampire"
2026-08-16,global,Global,top_videos_daily,,66,https://i.ytimg.com/vi/MzegNf-M20w/mqdefault.jpg,मेरा रंग दे बसंती चोला,Udit Narayan / Bhupendra Singh,,,मेरा रंग दे बसंती चोला Udit Narayan & Bhupendra Singh
2026-08-16,global,Global,top_videos_daily,,67,https://i.ytimg.com/vi/wDheWYmNEhQ/mqdefault.jpg,Aisa Des Hai Mera,拉塔・曼蓋施卡 / Udit Narayan / 古爾達斯·馬 / Preetha Mazumdar,,,"Aisa Des Hai Mera 拉塔・曼蓋施卡 , Udit Narayan , 古爾達斯·馬 & Preetha Mazumdar"
2026-08-16,global,Global,top_videos_daily,,68,https://i.ytimg.com/vi/jWh-7JGuxTo/mqdefault.jpg,Ara Beni,荷黛絲·阿奇高茲,,,Ara Beni 荷黛絲·阿奇高茲
2026-08-16,global,Global,top_videos_daily,,69,https://i.ytimg.com/vi/TX-1dI8t6WM/mqdefault.jpg,AMOR,Emmanuel Cortes,,,AMOR Emmanuel Cortes
2026-08-16,global,Global,top_videos_daily,,70,https://i.ytimg.com/vi/mapfegnAXOg/mqdefault.jpg,Dai dai (Live),Shakira / Beéle,,,Dai dai (Live) Shakira & Beéle
2026-08-16,global,Global,top_videos_daily,,71,https://i.ytimg.com/vi/kXKhNI4DLHM/mqdefault.jpg,Hileli,manifest / 艾達佩肯,,,Hileli manifest & 艾達佩肯
2026-08-16,global,Global,top_videos_daily,,72,https://i.ytimg.com/vi/rja5OuQGpAg/mqdefault.jpg,Aye Watan Tere Liye,Kavita Krishnamurthy / 穆罕默德·阿齊茲,,,Aye Watan Tere Liye Kavita Krishnamurthy & 穆罕默德·阿齊茲
2026-08-16,global,Global,top_videos_daily,,73,https://i.ytimg.com/vi/qN4ooNx77u0/mqdefault.jpg,Sign of the Times,Harry Styles,,,Sign of the Times Harry Styles
2026-08-16,global,Global,top_videos_daily,,74,https://i.ytimg.com/vi/v5jVX0QYwQo/mqdefault.jpg,Shararat,Madhubanti Bagchi / 雅斯文·桑德拉斯 / 沙赫瓦特·薩赫迪夫,,,"Shararat Madhubanti Bagchi , 雅斯文·桑德拉斯 & 沙赫瓦特·薩赫迪夫"
2026-08-16,global,Global,top_videos_daily,,75,https://i.ytimg.com/vi/kDcRPhhUnyM/mqdefault.jpg,Hum Tere Sapahi Hain,Sahir Ali Bagga,,,Hum Tere Sapahi Hain Sahir Ali Bagga
2026-08-16,global,Global,top_videos_daily,,76,https://i.ytimg.com/vi/PT2_F-1esPk/mqdefault.jpg,Closer,The Chainsmokers,,,Closer The Chainsmokers
2026-08-16,global,Global,top_videos_daily,,77,https://i.ytimg.com/vi/KF6SfC6Q-ZA/mqdefault.jpg,Ah Be Manolya,Burak Bulut,,,Ah Be Manolya Burak Bulut
2026-08-16,global,Global,top_videos_daily,,78,https://i.ytimg.com/vi/7VsejGzcJmM/mqdefault.jpg,Alaakaa Loova,Sai Abhyankkar,,,Alaakaa Loova Sai Abhyankkar
2026-08-16,global,Global,top_videos_daily,,79,https://i.ytimg.com/vi/rC-kbRanJQ0/mqdefault.jpg,UDI UDI,Hruday / Sarkar / Aneesh,,,"UDI UDI Hruday , Sarkar & Aneesh"
2026-08-16,global,Global,top_videos_daily,,80,https://i.ytimg.com/vi/Nskf70DMR60/mqdefault.jpg,Sesi Potret,eńau,,,Sesi Potret eńau
2026-08-16,global,Global,top_videos_daily,,81,https://i.ytimg.com/vi/K-7olbaOelg/mqdefault.jpg,MMG (My Mine Gueh),Naykilla,,,MMG (My Mine Gueh) Naykilla
2026-08-16,global,Global,top_videos_daily,,82,https://i.ytimg.com/vi/X1twu3ztkPU/mqdefault.jpg,Bum Baa Diga Diga - Music Video | DC | Lokesh | Sun Pictures | Anirudh | Arun Matheswaran,Heisenberg / Anirudh Ravichander / Vedan,,,"Bum Baa Diga Diga - Music Video | DC | Lokesh | Sun Pictures | Anirudh | Arun Matheswaran Heisenberg , Anirudh Ravichander & Vedan"
2026-08-16,global,Global,top_videos_daily,,83,https://i.ytimg.com/vi/3QhajVg6SjE/mqdefault.jpg,Tu Hi Haqeeqat,Sayeed Quadri / 伊爾尚·阿什拉夫 / Shadab Faridi / 傑韋德·阿里,,,"Tu Hi Haqeeqat Sayeed Quadri , 伊爾尚·阿什拉夫 , Shadab Faridi & 傑韋德·阿里"
2026-08-16,global,Global,top_videos_daily,,84,https://i.ytimg.com/vi/kG0z7hwY3as/mqdefault.jpg,Debut,KATSEYE,"7月 2, 2024",767632,"84 7 Debut KATSEYE 7月 2, 2024 91 24 767,632"
2026-08-16,global,Global,top_videos_daily,,85,https://i.ytimg.com/vi/6Db-cEgbmC4/mqdefault.jpg,Mi Chico,Jason Derulo / Melody / Dj Goja,,,"Mi Chico Jason Derulo , Melody & Dj Goja"
2026-08-16,global,Global,top_videos_daily,,86,https://i.ytimg.com/vi/mFA1P8ZzoLw/mqdefault.jpg,She’s the Best (Official Music Video),Troye Sivan,,,She’s the Best (Official Music Video) Troye Sivan
2026-08-16,global,Global,top_videos_daily,,87,https://i.ytimg.com/vi/vTvGobaqo9E/mqdefault.jpg,Polvo Rosita - (Video Oficial) - Lenin Ramirez - DEL Records 2024,DEL Records,,2024,Polvo Rosita - (Video Oficial) - Lenin Ramirez - DEL Records 2024 DEL Records
2026-08-16,global,Global,top_videos_daily,,88,https://i.ytimg.com/vi/Oyw1Eo21q5k/mqdefault.jpg,Kabze,Bintu Pabra / Shiva Choudhary,,,Kabze Bintu Pabra & Shiva Choudhary
2026-08-16,global,Global,top_videos_daily,,89,https://i.ytimg.com/vi/_qo2W3BcsiA/mqdefault.jpg,Cuida do Pet,MC Willian / Oldilla / Mc Iguinho Ct / Aaron Modesto,,,"Cuida do Pet MC Willian , Oldilla , Mc Iguinho Ct & Aaron Modesto"
2026-08-16,global,Global,top_videos_daily,,90,https://i.ytimg.com/vi/PkMKJEkE8Mo/mqdefault.jpg,Gnarly,KATSEYE,"5月 5, 2025",742352,"90 90 Gnarly KATSEYE 5月 5, 2025 - 14 742,352"
2026-08-16,global,Global,top_videos_daily,,91,https://i.ytimg.com/vi/Oextk-If8HQ/mqdefault.jpg,Somewhere Only We Know,Keane,,,Somewhere Only We Know Keane
2026-08-16,global,Global,top_videos_daily,,92,https://i.ytimg.com/vi/3j7bhOvW6jw/mqdefault.jpg,LOW FADE,Mxrci / Karan Aujla,,,LOW FADE Mxrci & Karan Aujla
2026-08-16,global,Global,top_videos_daily,,93,https://i.ytimg.com/vi/LGWUmNnZ7WY/mqdefault.jpg,POR SI MAÑANA NO ESTOY,Omar Courtz,,,POR SI MAÑANA NO ESTOY Omar Courtz
2026-08-16,global,Global,top_videos_daily,,94,https://i.ytimg.com/vi/82-jTNka3uc/mqdefault.jpg,hate that i made you love me,Ariana Grande,,,hate that i made you love me Ariana Grande
2026-08-16,global,Global,top_videos_daily,,95,https://i.ytimg.com/vi/awWKxGftWh4/mqdefault.jpg,Dunia Yang Nanti,Raim Laode,,,Dunia Yang Nanti Raim Laode
2026-08-16,global,Global,top_videos_daily,,96,https://i.ytimg.com/vi/qpIdoaaPa6U/mqdefault.jpg,Jeene Laga Hoon [Instrumental],薩辛-吉格爾,,,Jeene Laga Hoon [Instrumental] 薩辛-吉格爾
2026-08-16,global,Global,top_videos_daily,,97,https://i.ytimg.com/vi/xCkf2L7gFnI/mqdefault.jpg,De Lejitos (Remix),Jay Wheeler / Omar Courtz,,,De Lejitos (Remix) Jay Wheeler & Omar Courtz
2026-08-16,global,Global,top_videos_daily,,98,https://www.youtube.com/s/charts/images/top_videos.png,目前無資料,,"1月 1, 1970",718022,"98 New 目前無資料 1月 1, 1970 - 1 718,022"
2026-08-16,global,Global,top_videos_daily,,99,https://i.ytimg.com/vi/Md7kqHsWWs4/mqdefault.jpg,Six Seven,Laurinha Costa / SoundMusic Original / Dj Cabello / Dj Tchouzen,,,"Six Seven Laurinha Costa , SoundMusic Original , Dj Cabello & Dj Tchouzen"
2026-08-16,global,Global,top_videos_daily,,100,https://i.ytimg.com/vi/k2C5TjS2sh4/mqdefault.jpg,It Must Have Been Love,Roxette,,,It Must Have Been Love Roxette
2026-08-16,tw,Taiwan,top_videos_daily,,1,https://i.ytimg.com/vi/IwxkGdhkAGU/mqdefault.jpg,Soft Lipa - 給我一點時間 Official Music Video,蛋堡,,,Soft Lipa - 給我一點時間 Official Music Video 蛋堡
2026-08-16,tw,Taiwan,top_videos_daily,,2,https://i.ytimg.com/vi/YacpC7sUXMM/mqdefault.jpg,甲乙丙丁 (你我怎麼兩清伴奏),李佳薇,,,甲乙丙丁 (你我怎麼兩清伴奏) 李佳薇
2026-08-16,tw,Taiwan,top_videos_daily,,3,https://i.ytimg.com/vi/aRiVUVNUhIs/mqdefault.jpg,なんもねえ - Nannmonee,Wasureranneyo,,,なんもねえ - Nannmonee Wasureranneyo
2026-08-16,tw,Taiwan,top_videos_daily,,4,https://i.ytimg.com/vi/i5YRIjxyJP8/mqdefault.jpg,太陽與地球,盧廣仲,"9月 16, 2025",67010,"4 1 太陽與地球 盧廣仲 9月 16, 2025 3 111 67,010"
2026-08-16,tw,Taiwan,top_videos_daily,,5,https://i.ytimg.com/vi/mpNKrWUhcy8/mqdefault.jpg,不愛就不愛,艾薇,"12月 18, 2024",64538,"5 1 不愛就不愛 艾薇 12月 18, 2024 4 111 64,538"
2026-08-16,tw,Taiwan,top_videos_daily,,6,https://i.ytimg.com/vi/3hLESh77fSg/mqdefault.jpg,離開的一路上,理想混蛋 Bestards,,,離開的一路上 理想混蛋 Bestards
2026-08-16,tw,Taiwan,top_videos_daily,,7,https://i.ytimg.com/vi/p13tH7Etlzc/mqdefault.jpg,離開我的依賴,王艷薇,"2月 17, 2020",57804,"7 1 離開我的依賴 王艷薇 2月 17, 2020 8 94 57,804"
2026-08-16,tw,Taiwan,top_videos_daily,,8,https://i.ytimg.com/vi/Qe8fa4b5xNU/mqdefault.jpg,Good Goodbye,HWASA,,,Good Goodbye HWASA
2026-08-16,tw,Taiwan,top_videos_daily,,9,https://i.ytimg.com/vi/osyH9yWWygA/mqdefault.jpg,All For You,周興哲,"7月 16, 2026",55254,"9 3 All For You 周興哲 7月 16, 2026 6 29 55,254"
2026-08-16,tw,Taiwan,top_videos_daily,,10,https://i.ytimg.com/vi/PJJhHihvDpo/mqdefault.jpg,閣愛妳一擺,茄子蛋,"12月 10, 2021",54185,"10 3 閣愛妳一擺 茄子蛋 12月 10, 2021 13 6 54,185"
2026-08-16,tw,Taiwan,top_videos_daily,,11,https://i.ytimg.com/vi/-q_S27LbNKU/mqdefault.jpg,BAD,ATEEZ,"6月 25, 2026",53644,"11 1 BAD ATEEZ 6月 25, 2026 10 50 53,644"
2026-08-16,tw,Taiwan,top_videos_daily,,12,https://i.ytimg.com/vi/X06y7ZuT7_Y/mqdefault.jpg,必巡,曾瑋中,"6月 27, 2022",52620,"12 3 必巡 曾瑋中 6月 27, 2022 9 111 52,620"
2026-08-16,tw,Taiwan,top_videos_daily,,13,https://i.ytimg.com/vi/OkTlYjO6SNY/mqdefault.jpg,過了幾天,DIOR 大穎 / 郭家瑋,,,過了幾天 DIOR 大穎 & 郭家瑋
2026-08-16,tw,Taiwan,top_videos_daily,,14,https://i.ytimg.com/vi/mQUek1GYfvs/mqdefault.jpg,對等關係,李榮浩,"1月 27, 2022",48074,"14 ● 對等關係 李榮浩 1月 27, 2022 14 6 48,074"
2026-08-16,tw,Taiwan,top_videos_daily,,15,https://i.ytimg.com/vi/dRSZhZT6r-Y/mqdefault.jpg,沒有人像我,宇宙人,"7月 2, 2026",47693,"15 1 沒有人像我 宇宙人 7月 2, 2026 16 41 47,693"
2026-08-16,tw,Taiwan,top_videos_daily,,16,https://i.ytimg.com/vi/gN7RBHyXNFk/mqdefault.jpg,別戀,派偉俊,"8月 10, 2026",47118,"16 11 別戀 派偉俊 8月 10, 2026 5 5 47,118"
2026-08-16,tw,Taiwan,top_videos_daily,,17,https://i.ytimg.com/vi/jeRu6h4XbUU/mqdefault.jpg,幸福在歌唱,A-Lin,"12月 26, 2025",47064,"17 2 幸福在歌唱 A-Lin 12月 26, 2025 15 111 47,064"
2026-08-16,tw,Taiwan,top_videos_daily,,18,https://i.ytimg.com/vi/83C3TZ4Zm_o/mqdefault.jpg,LEMONADE,aespa,"5月 28, 2026",42818,"18 1 LEMONADE aespa 5月 28, 2026 17 78 42,818"
2026-08-16,tw,Taiwan,top_videos_daily,,19,https://i.ytimg.com/vi/Y2ge3KrdeWs/mqdefault.jpg,怎麼了,周興哲,"1月 9, 2019",42395,"19 1 怎麼了 周興哲 1月 9, 2019 20 10 42,395"
2026-08-16,tw,Taiwan,top_videos_daily,,20,https://i.ytimg.com/vi/yebNIHKAC4A/mqdefault.jpg,Golden,HUNTR/X / EJAE / AUDREY NUNA / REI AMI / KPop Demon Hunters Cast,,,"Golden HUNTR/X , EJAE , AUDREY NUNA , REI AMI & KPop Demon Hunters Cast"
2026-08-16,tw,Taiwan,top_videos_daily,,21,https://i.ytimg.com/vi/376utoTabMI/mqdefault.jpg,看著我的眼睛說,張遠 / 姚曉棠,,,看着我的眼睛说 张远 & 姚晓棠
2026-08-16,tw,Taiwan,top_videos_daily,,22,https://i.ytimg.com/vi/bMhDJ0S0OBA/mqdefault.jpg,It's Me,ILLIT,"4月 30, 2026",37048,"22 1 It's Me ILLIT 4月 30, 2026 23 107 37,048"
2026-08-16,tw,Taiwan,top_videos_daily,,23,https://i.ytimg.com/vi/3rB3n_XR23o/mqdefault.jpg,我不該動情,老闆,"7月 1, 2026",36898,"23 2 我不該動情 老板 7月 1, 2026 25 41 36,898"
2026-08-16,tw,Taiwan,top_videos_daily,,24,https://i.ytimg.com/vi/6O_Zx9St9ik/mqdefault.jpg,你不屬於我 (《比悲傷更悲傷的故事》影集版片尾曲),周興哲,,,你不屬於我 (《比悲傷更悲傷的故事》影集版片尾曲) 周興哲
2026-08-16,tw,Taiwan,top_videos_daily,,25,https://i.ytimg.com/vi/i-Lf0sQeQi0/mqdefault.jpg,再痛也沒關係(片尾曲),陳勢安,"8月 9, 2012",35787,"25 25 再痛也沒關係(片尾曲) 陳勢安 8月 9, 2012 - 3 35,787"
2026-08-16,tw,Taiwan,top_videos_daily,,26,https://i.ytimg.com/vi/9cS2wv6AfHk/mqdefault.jpg,I LIKE IT,BABYMONSTER,,,I LIKE IT BABYMONSTER
2026-08-16,tw,Taiwan,top_videos_daily,,27,https://i.ytimg.com/vi/x3eqqoZPV_E/mqdefault.jpg,춤 (CHOOM),BABYMONSTER,,,춤 (CHOOM) BABYMONSTER
2026-08-16,tw,Taiwan,top_videos_daily,,28,https://i.ytimg.com/vi/kCA93dLzKP4/mqdefault.jpg,一個人,A-Lin,"6月 11, 2026",34198,"28 2 一個人 A-Lin 6月 11, 2026 30 64 34,198"
2026-08-16,tw,Taiwan,top_videos_daily,,29,https://i.ytimg.com/vi/jIzOIsQWMfg/mqdefault.jpg,至少我還記得 (天堂的微笑插曲),周興哲,,,至少我還記得 (天堂的微笑插曲) 周興哲
2026-08-16,tw,Taiwan,top_videos_daily,,30,https://i.ytimg.com/vi/cnxn0hhShxM/mqdefault.jpg,"Cosmos People 宇宙人 [ 像狗一樣 Chase, Stop, Lie Down ] Special Video | 影集《欠妳的那場婚禮》插曲",宇宙人,,,"Cosmos People 宇宙人 [ 像狗一樣 Chase, Stop, Lie Down ] Special Video | 影集《欠妳的那場婚禮》插曲 宇宙人"
2026-08-16,tw,Taiwan,top_videos_daily,,31,https://i.ytimg.com/vi/catpLpGals0/mqdefault.jpg,Innocence,李浩瑋 Howard Lee,,,Innocence 李浩瑋 Howard Lee
2026-08-16,tw,Taiwan,top_videos_daily,,32,https://i.ytimg.com/vi/7NIsBeVRAgk/mqdefault.jpg,痴心絕對,李聖傑,"8月 24, 2020",31416,"32 1 痴心絕對 李聖傑 8月 24, 2020 31 4 31,416"
2026-08-16,tw,Taiwan,top_videos_daily,,33,https://i.ytimg.com/vi/Oc_VUUE9MHo/mqdefault.jpg,我還是愛著你,MP魔幻力量,"9月 3, 2014",31018,"33 33 我還是愛著你 MP魔幻力量 9月 3, 2014 - 4 31,018"
2026-08-16,tw,Taiwan,top_videos_daily,,34,https://i.ytimg.com/vi/IWB0xk9lR88/mqdefault.jpg,左轉燈 (1000 Times+1),派偉俊,,1000,左轉燈 (1000 Times+1) 派偉俊
2026-08-16,tw,Taiwan,top_videos_daily,,35,https://i.ytimg.com/vi/7io1L4AkXjU/mqdefault.jpg,從前說,小阿七,"2月 6, 2023",27696,"35 2 從前說 小阿七 2月 6, 2023 33 6 27,696"
2026-08-16,tw,Taiwan,top_videos_daily,,36,https://i.ytimg.com/vi/_G3Nu8q9Z9s/mqdefault.jpg,嘉賓,張遠,"6月 12, 2026",27643,"36 2 嘉宾 张远 6月 12, 2026 34 36 27,643"
2026-08-16,tw,Taiwan,top_videos_daily,,37,https://i.ytimg.com/vi/naoGk-Zjc1s/mqdefault.jpg,SUGAR HONEY ICE TEA,BABYMONSTER,,,SUGAR HONEY ICE TEA BABYMONSTER
2026-08-16,tw,Taiwan,top_videos_daily,,38,https://i.ytimg.com/vi/7CwcAH9zQ7o/mqdefault.jpg,陳盈潔 風飛沙,陳盈潔,"12月 8, 2014",26251,"38 20 陳盈潔 風飛沙 陳盈潔 12月 8, 2014 18 2 26,251"
2026-08-16,tw,Taiwan,top_videos_daily,,39,https://i.ytimg.com/vi/Ezd_DLawfHI/mqdefault.jpg,我很快樂,周興哲,"4月 10, 2020",25884,"39 2 我很快樂 周興哲 4月 10, 2020 41 9 25,884"
2026-08-16,tw,Taiwan,top_videos_daily,,40,https://i.ytimg.com/vi/yd_uG3TtREs/mqdefault.jpg,PSYCHO,BABYMONSTER,,,PSYCHO BABYMONSTER
2026-08-16,tw,Taiwan,top_videos_daily,,41,https://i.ytimg.com/vi/otCHnpMDA-Y/mqdefault.jpg,外人,蕭秉治,"12月 9, 2022",25544,"41 2 外人 蕭秉治 12月 9, 2022 39 10 25,544"
2026-08-16,tw,Taiwan,top_videos_daily,,42,https://i.ytimg.com/vi/W9Fq1HC_5hg/mqdefault.jpg,Night life.Take us to the light,告五人,,,Night life.Take us to the light 告五人
2026-08-16,tw,Taiwan,top_videos_daily,,43,https://i.ytimg.com/vi/07hpRRx4xMg/mqdefault.jpg,眼淚記得你,孫盛希,"12月 29, 2022",24560,"43 5 眼淚記得你 孫盛希 12月 29, 2022 38 5 24,560"
2026-08-16,tw,Taiwan,top_videos_daily,,44,https://i.ytimg.com/vi/BVK_Q6KZSUI/mqdefault.jpg,終於瞭解自由,周興哲,"4月 8, 2019",24466,"44 1 終於了解自由 周興哲 4月 8, 2019 43 7 24,466"
2026-08-16,tw,Taiwan,top_videos_daily,,45,https://i.ytimg.com/vi/xXZwZ0DolJc/mqdefault.jpg,MOON,BABYMONSTER,,,MOON BABYMONSTER
2026-08-16,tw,Taiwan,top_videos_daily,,46,https://i.ytimg.com/vi/4kjb6DMjZQo/mqdefault.jpg,王靖雯 - 揉碎夜的光「是我不小心揉碎了夜的光 還是你引力太強我失去方向 」【動態歌詞/PinyinLyrics】♪,ORT Music,,,王靖雯 - 揉碎夜的光「是我不小心揉碎了夜的光 還是你引力太強我失去方向 」【動態歌詞/PinyinLyrics】♪ ORT Music
2026-08-16,tw,Taiwan,top_videos_daily,,47,https://i.ytimg.com/vi/sQDBYHhCvps/mqdefault.jpg,綿綿無絕期,黃奇斌,"7月 10, 2026",23835,"47 3 綿綿無絕期 黃奇斌 7月 10, 2026 44 36 23,835"
2026-08-16,tw,Taiwan,top_videos_daily,,48,https://i.ytimg.com/vi/ApXoWvfEYVU/mqdefault.jpg,Sunflower,Post Malone / Swae Lee,,,Sunflower Post Malone & Swae Lee
2026-08-16,tw,Taiwan,top_videos_daily,,49,https://i.ytimg.com/vi/GnSaLQTrvt0/mqdefault.jpg,Good Goodbye,HWASA,,,Good Goodbye HWASA
2026-08-16,tw,Taiwan,top_videos_daily,,50,https://i.ytimg.com/vi/4iRupuNet3Q/mqdefault.jpg,想見你想見你想見你 (Miss You,),,831,想見你想見你想見你 (Miss You 3000) 831
2026-08-16,tw,Taiwan,top_videos_daily,,51,https://i.ytimg.com/vi/woTvWy2Bf2s/mqdefault.jpg,期待再相會 (Version 1),陳盈潔,,,期待再相會 (Version 1) 陳盈潔
2026-08-16,tw,Taiwan,top_videos_daily,,52,https://i.ytimg.com/vi/BZ4UzthYTss/mqdefault.jpg,This & That,Stray Kids,,,This & That Stray Kids
2026-08-16,tw,Taiwan,top_videos_daily,,53,https://i.ytimg.com/vi/3q6D0wMX_H0/mqdefault.jpg,怎麼還不愛(雀躍狂愛版) 三立偶像劇[料理高校生]片尾曲,Rosie,,,怎麼還不愛(雀躍狂愛版) 三立偶像劇[料理高校生]片尾曲 Rosie
2026-08-16,tw,Taiwan,top_videos_daily,,54,https://i.ytimg.com/vi/nEpF6ISYdM0/mqdefault.jpg,Why You Gonna Lie,高爾宣,,,Why You Gonna Lie 高爾宣
2026-08-16,tw,Taiwan,top_videos_daily,,55,https://i.ytimg.com/vi/Ew4VvF0DPMc/mqdefault.jpg,以後別做朋友,周興哲,"9月 19, 2014",20726,"55 55 以後別做朋友 周興哲 9月 19, 2014 - 4 20,726"
2026-08-16,tw,Taiwan,top_videos_daily,,56,https://i.ytimg.com/vi/ZZAi1l2tnEQ/mqdefault.jpg,過了幾天,郭家瑋,"11月 21, 2024",20006,"56 1 過了幾天 郭家瑋 11月 21, 2024 57 26 20,006"
2026-08-16,tw,Taiwan,top_videos_daily,,57,https://i.ytimg.com/vi/FB5-rPa5wBA/mqdefault.jpg,玻璃,Gareth.T,"5月 20, 2026",19900,"57 1 玻璃 Gareth.T 5月 20, 2026 56 86 19,900"
2026-08-16,tw,Taiwan,top_videos_daily,,58,https://i.ytimg.com/vi/ZIvWrKYdMQE/mqdefault.jpg,浪人的…,張震嶽,"5月 13, 2025",19886,"58 8 浪人的… 張震嶽 5月 13, 2025 66 54 19,886"
2026-08-16,tw,Taiwan,top_videos_daily,,59,https://i.ytimg.com/vi/9ei1PUmDz98/mqdefault.jpg,思念是一種病,張震嶽,"5月 28, 2012",19525,"59 4 思念是一種病 張震嶽 5月 28, 2012 55 73 19,525"
2026-08-16,tw,Taiwan,top_videos_daily,,60,https://i.ytimg.com/vi/ma7r2HGqwXs/mqdefault.jpg,倒數,鄧紫棋,"8月 9, 2018",19462,"60 8 倒數 鄧紫棋 8月 9, 2018 52 4 19,462"
2026-08-16,tw,Taiwan,top_videos_daily,,61,https://i.ytimg.com/vi/t0igPuDjYUE/mqdefault.jpg,後來,劉若英,"6月 8, 2012",19320,"61 8 後來 劉若英 6月 8, 2012 53 5 19,320"
2026-08-16,tw,Taiwan,top_videos_daily,,62,https://i.ytimg.com/vi/GWO5pqEy-X0/mqdefault.jpg,陪你到這,陳華,"4月 17, 2026",19130,"62 2 陪你到這 陳華 4月 17, 2026 60 111 19,130"
2026-08-16,tw,Taiwan,top_videos_daily,,63,https://i.ytimg.com/vi/FIsUzRwVegs/mqdefault.jpg,說給海聽,一隻白羊,"12月 17, 2022",18913,"63 63 說給海聽 一只白羊 12月 17, 2022 - 8 18,913"
2026-08-16,tw,Taiwan,top_videos_daily,,64,https://i.ytimg.com/vi/tkwD6DLp62k/mqdefault.jpg,我甘願重新愛過,玖壹壹,"5月 20, 2026",18768,"64 6 我甘願重新愛過 玖壹壹 5月 20, 2026 58 87 18,768"
2026-08-16,tw,Taiwan,top_videos_daily,,65,https://i.ytimg.com/vi/_cTAlxWtmS4/mqdefault.jpg,如果我很平庸,陳華,"6月 5, 2026",18569,"65 6 如果我很平庸 陳華 6月 5, 2026 59 70 18,569"
2026-08-16,tw,Taiwan,top_videos_daily,,66,https://i.ytimg.com/vi/3mEeKAdXAo4/mqdefault.jpg,星火,F.I.R.飛兒樂團,"8月 22, 2018",18453,"66 12 星火 F.I.R.飛兒樂團 8月 22, 2018 54 10 18,453"
2026-08-16,tw,Taiwan,top_videos_daily,,67,https://i.ytimg.com/vi/SH9yExKE8bI/mqdefault.jpg,弦外之音 - 捨不得又沒資格 (男女合唱版）『想放棄又難割捨，想靠近又沒資格。』【動態歌詞MV】,HOT MUSIC,,,弦外之音 - 舍不得又没资格 (男女合唱版）『想放弃又难割舍，想靠近又没资格。』【动态歌词MV】 HOT MUSIC
2026-08-16,tw,Taiwan,top_videos_daily,,68,https://i.ytimg.com/vi/p9lNpWa4OXU/mqdefault.jpg,有沒有一首歌會讓你想起我,周華健,,,有沒有一首歌會讓你想起我 周華健
2026-08-16,tw,Taiwan,top_videos_daily,,69,https://i.ytimg.com/vi/Guqf-4-oX9w/mqdefault.jpg,en - 用情（深情版）「我用情付諸流水愛比不愛可悲 聽山盟海誓曾經說的字字都珍貴」【動態歌詞】♪,4Leaf Music,,,en - 用情（深情版）「我用情付諸流水愛比不愛可悲 聽山盟海誓曾經說的字字都珍貴」【動態歌詞】♪ 4Leaf Music
2026-08-16,tw,Taiwan,top_videos_daily,,70,https://i.ytimg.com/vi/vaidTAWrF7k/mqdefault.jpg,用情太深,謝金晶 / 吳俊宏,"6月 24, 2026",17905,"70 70 用情太深 謝金晶 & 吳俊宏 6月 24, 2026 - 3 17,905"
2026-08-16,tw,Taiwan,top_videos_daily,,71,https://i.ytimg.com/vi/aEp5ZhfbdUU/mqdefault.jpg,周林楓 - 心酸『我和你曾那麼相愛 話永遠都說不完，一想到就感到心酸。』【高音質|動態歌詞Lyrics】♫,4K Music Make,,,周林楓 - 心酸『我和你曾那麼相愛 話永遠都說不完，一想到就感到心酸。』【高音質|動態歌詞Lyrics】♫ 4K Music Make
2026-08-16,tw,Taiwan,top_videos_daily,,72,https://i.ytimg.com/vi/wcb21ldLdNg/mqdefault.jpg,她的背影,王傑,"5月 29, 2020",17854,"72 72 她的背影 王傑 5月 29, 2020 - 3 17,854"
2026-08-16,tw,Taiwan,top_videos_daily,,73,https://i.ytimg.com/vi/d9KvGkcI40Y/mqdefault.jpg,彈棉花的小花 - 爸爸的話「你像流星般劃落 刻在我心的右側」【動態歌詞/PinyinLyrics】♪,ORT Music,,,彈棉花的小花 - 爸爸的話「你像流星般劃落 刻在我心的右側」【動態歌詞/PinyinLyrics】♪ ORT Music
2026-08-16,tw,Taiwan,top_videos_daily,,74,https://i.ytimg.com/vi/Ys7-6_t7OEQ/mqdefault.jpg,Beauty And A Beat,Justin Bieber,,,Beauty And A Beat Justin Bieber
2026-08-16,tw,Taiwan,top_videos_daily,,75,https://i.ytimg.com/vi/_IT83Y_HcAw/mqdefault.jpg,Less than a Lover,JENNIE,,,Less than a Lover JENNIE
2026-08-16,tw,Taiwan,top_videos_daily,,76,https://i.ytimg.com/vi/bG563p_moiE/mqdefault.jpg,愛我的時候,周興哲,"5月 18, 2021",17556,"76 5 爱我的时候 周興哲 5月 18, 2021 71 6 17,556"
2026-08-16,tw,Taiwan,top_videos_daily,,77,https://i.ytimg.com/vi/D8VEhcPeSlc/mqdefault.jpg,Drama,aespa,"11月 9, 2023",17371,"77 10 Drama aespa 11月 9, 2023 67 5 17,371"
2026-08-16,tw,Taiwan,top_videos_daily,,78,https://i.ytimg.com/vi/Gt01GXcgEHE/mqdefault.jpg,小海灘,禮韋 Thehopend,,,小海灘 禮韋 Thehopend
2026-08-16,tw,Taiwan,top_videos_daily,,79,https://i.ytimg.com/vi/PIgH3PeeY6g/mqdefault.jpg,你咁擱愛我,林琇琪 / 沈建豪,"7月 16, 2026",17186,"79 4 你咁擱愛我 林琇琪 & 沈建豪 7月 16, 2026 75 28 17,186"
2026-08-16,tw,Taiwan,top_videos_daily,,80,https://i.ytimg.com/vi/lVjGxpH2tT0/mqdefault.jpg,講袂出喙的情話,許富凱,"3月 31, 2026",17182,"80 16 講袂出喙的情話 許富凱 3月 31, 2026 64 110 17,182"
2026-08-16,tw,Taiwan,top_videos_daily,,81,https://i.ytimg.com/vi/zlAjS20q9pE/mqdefault.jpg,空心 (Live),黃霄雲 / 劉端端,,,空心 (Live) 黃霄雲 & 刘端端
2026-08-16,tw,Taiwan,top_videos_daily,,82,https://i.ytimg.com/vi/eCdiFicGHyA/mqdefault.jpg,【MV首播】林琇琪 - 我無醉 (官方完整版MV) HD,豪記唱片 HCM Music,,,【MV首播】林琇琪 - 我無醉 (官方完整版MV) HD 豪記唱片 HCM Music
2026-08-16,tw,Taiwan,top_videos_daily,,83,https://i.ytimg.com/vi/fh9ULHb1JeA/mqdefault.jpg,陳盈潔 潘健《歡喜再相逢》,陳盈潔,,,陳盈潔 潘健《歡喜再相逢》 陳盈潔
2026-08-16,tw,Taiwan,top_videos_daily,,84,https://i.ytimg.com/vi/fcnDmrtj6Sk/mqdefault.jpg,Dai Dai,Shakira / Burna Boy,,,Dai Dai Shakira & Burna Boy
2026-08-16,tw,Taiwan,top_videos_daily,,85,https://i.ytimg.com/vi/u5ZsoP8FZUQ/mqdefault.jpg,不遺憾,蔡恩雨,"6月 2, 2021",16595,"85 9 不遺憾 蔡恩雨 6月 2, 2021 76 61 16,595"
2026-08-16,tw,Taiwan,top_videos_daily,,86,https://i.ytimg.com/vi/4wiO5H8kSV4/mqdefault.jpg,I Hate Myself Sometimes,李浩瑋 Howard Lee / 派偉俊,,,I Hate Myself Sometimes 李浩瑋 Howard Lee & 派偉俊
2026-08-16,tw,Taiwan,top_videos_daily,,87,https://i.ytimg.com/vi/caxiOmSWWEM/mqdefault.jpg,好不容易 (《華燈初上》片尾曲),告五人,,,好不容易 (《華燈初上》片尾曲) 告五人
2026-08-16,tw,Taiwan,top_videos_daily,,88,https://i.ytimg.com/vi/BFAuO-mrhcA/mqdefault.jpg,有你有我,玖壹壹,"6月 16, 2026",15560,"88 4 有你有我 玖壹壹 6月 16, 2026 84 59 15,560"
2026-08-16,tw,Taiwan,top_videos_daily,,89,https://i.ytimg.com/vi/eB-IK2wPWzw/mqdefault.jpg,ATEEZ(에이티즈) - 'BAD' Performance Stage (@The Kelly Clarkson Show),ATEEZ,,,ATEEZ(에이티즈) - 'BAD' Performance Stage (@The Kelly Clarkson Show) ATEEZ
2026-08-16,tw,Taiwan,top_videos_daily,,90,https://i.ytimg.com/vi/gdGdO6KjF1I/mqdefault.jpg,如果雨之後,周興哲,"12月 18, 2017",15357,"90 3 如果雨之後 周興哲 12月 18, 2017 87 4 15,357"
2026-08-16,tw,Taiwan,top_videos_daily,,91,https://i.ytimg.com/vi/qjKuHtrHkLg/mqdefault.jpg,重逢,林琇琪,"8月 5, 2026",14836,"91 19 重逢 林琇琪 8月 5, 2026 72 9 14,836"
2026-08-16,tw,Taiwan,top_videos_daily,,92,https://i.ytimg.com/vi/nFYwcndNuOY/mqdefault.jpg,Armageddon,aespa,,,Armageddon aespa
2026-08-16,tw,Taiwan,top_videos_daily,,93,https://i.ytimg.com/vi/UsbRoaH6y-Q/mqdefault.jpg,Pop Off Pop Off,KiiiKiii,,,Pop Off Pop Off KiiiKiii
2026-08-16,tw,Taiwan,top_videos_daily,,94,https://i.ytimg.com/vi/fqoxriDJ3AQ/mqdefault.jpg,"LIA “toxic till the end” @ ITZY The 5th Fan Meeting “ALL IN, MIDZY”",ITZY,,,"LIA “toxic till the end” @ ITZY The 5th Fan Meeting “ALL IN, MIDZY” ITZY"
2026-08-16,tw,Taiwan,top_videos_daily,,95,https://i.ytimg.com/vi/y5bUCGzw6tY/mqdefault.jpg,忘了你忘了我,王傑,"7月 12, 2018",14419,"95 95 忘了你忘了我 王傑 7月 12, 2018 - 3 14,419"
2026-08-16,tw,Taiwan,top_videos_daily,,96,https://i.ytimg.com/vi/9_3VDth0HOM/mqdefault.jpg,千里共明月,沈建豪 / 陳淑萍,"5月 28, 2026",14402,"96 96 千里共明月 沈建豪 & 陳淑萍 5月 28, 2026 - 4 14,402"
2026-08-16,tw,Taiwan,top_videos_daily,,97,https://i.ytimg.com/vi/b1SRjGmgA54/mqdefault.jpg,傷心太平洋,任賢齊,"5月 25, 2012",14398,"97 11 傷心太平洋 任賢齊 5月 25, 2012 86 12 14,398"
2026-08-16,tw,Taiwan,top_videos_daily,,98,https://i.ytimg.com/vi/chl0R8C4NJ8/mqdefault.jpg,Hearts2Hearts 하츠투하츠 'ICONIC HEART' MV,Hearts2Hearts,,,Hearts2Hearts 하츠투하츠 'ICONIC HEART' MV Hearts2Hearts
2026-08-16,tw,Taiwan,top_videos_daily,,99,https://i.ytimg.com/vi/mcJB9H0Nvbc/mqdefault.jpg,繞路,A-Lin,"4月 29, 2026",14295,"99 99 繞路 A-Lin 4月 29, 2026 - 97 14,295"
2026-08-16,tw,Taiwan,top_videos_daily,,100,https://i.ytimg.com/vi/diPncrkJkPI/mqdefault.jpg,一往情深,林琇琪,"8月 10, 2026",14196,"100 17 一往情深 林琇琪 8月 10, 2026 83 4 14,196"
2026-08-16,jp,Japan,top_videos_daily,,1,https://i.ytimg.com/vi/aRiVUVNUhIs/mqdefault.jpg,なんもねえ - Nannmonee,Wasureranneyo,,,なんもねえ - Nannmonee Wasureranneyo
2026-08-16,jp,Japan,top_videos_daily,,2,https://i.ytimg.com/vi/rKqcvvut8pw/mqdefault.jpg,T-Pablow & Zeebra vs CHEHON & Red Eye/BATTLE SUMMIT III(2026.8.11),戦極MCBATTLE,,2026,T-Pablow & Zeebra vs CHEHON & Red Eye/BATTLE SUMMIT III(2026.8.11) 戦極MCBATTLE
2026-08-16,jp,Japan,top_videos_daily,,3,https://i.ytimg.com/vi/qf4kjBYR3O0/mqdefault.jpg,星野源 - 好き [Official Video],星野源 Gen Hoshino,,,星野源 - 好き [Official Video] 星野源 Gen Hoshino
2026-08-16,jp,Japan,top_videos_daily,,4,https://i.ytimg.com/vi/ZVUxJsPfoX8/mqdefault.jpg,好きすぎて滅！,M!LK,"10月 27, 2025",408081,"4 3 好きすぎて滅！ M!LK 10月 27, 2025 1 292 408,081"
2026-08-16,jp,Japan,top_videos_daily,,5,https://i.ytimg.com/vi/dePs7UPp6GQ/mqdefault.jpg,Brand New,Mrs. GREEN APPLE,,,Brand New Mrs. GREEN APPLE
2026-08-16,jp,Japan,top_videos_daily,,6,https://i.ytimg.com/vi/KsHKaP50FBE/mqdefault.jpg,Yes! 東京,EBiDAN Ebisu Gakuen Boys Club,,,Yes! 東京 EBiDAN Ebisu Gakuen Boys Club
2026-08-16,jp,Japan,top_videos_daily,,7,https://i.ytimg.com/vi/tpFDnOnOdSQ/mqdefault.jpg,爆裂愛してる,M!LK,"2月 18, 2026",354640,"7 2 爆裂愛してる M!LK 2月 18, 2026 5 178 354,640"
2026-08-16,jp,Japan,top_videos_daily,,8,https://i.ytimg.com/vi/bMhDJ0S0OBA/mqdefault.jpg,It's Me,ILLIT,"4月 30, 2026",349702,"8 2 It's Me ILLIT 4月 30, 2026 6 107 349,702"
2026-08-16,jp,Japan,top_videos_daily,,9,https://i.ytimg.com/vi/2I25AFSBm2g/mqdefault.jpg,夜の踴り子,魚韻,"9月 26, 2015",312519,"9 2 夜の踊り子 魚韻 9月 26, 2015 7 125 312,519"
2026-08-16,jp,Japan,top_videos_daily,,10,https://i.ytimg.com/vi/7VqCdhFGE78/mqdefault.jpg,罪と罰と雨とキス (佐野勇鬥&吉田仁人) - Tsumi to Batsu to Ame to Kiss (Hayato Sano & Jinto Yoshida),M!LK,,,罪と罰と雨とキス (佐野勇斗&吉田仁人) - Tsumi to Batsu to Ame to Kiss (Hayato Sano & Jinto Yoshida) M!LK
2026-08-16,jp,Japan,top_videos_daily,,11,https://i.ytimg.com/vi/Lz24PqZkF2s/mqdefault.jpg,HOT LIMIT,T.M.Revolution,,,HOT LIMIT T.M.Revolution
2026-08-16,jp,Japan,top_videos_daily,,12,https://i.ytimg.com/vi/YM_YU8HVpWM/mqdefault.jpg,エアロピクルス,KomeAnime,,,エアロピクルス KomeAnime
2026-08-16,jp,Japan,top_videos_daily,,13,https://i.ytimg.com/vi/3C0EOqt7sqA/mqdefault.jpg,You!Joy!Parade!,M!LK,,,You!Joy!Parade! M!LK
2026-08-16,jp,Japan,top_videos_daily,,14,https://i.ytimg.com/vi/h-TPXFw_q0I/mqdefault.jpg,グッタイム - Good Time,Snow Man,,,グッタイム - Good Time Snow Man
2026-08-16,jp,Japan,top_videos_daily,,15,https://i.ytimg.com/vi/WKCkRz5ULhg/mqdefault.jpg,アイドルパワー,M!LK,"8月 14, 2026",230589,"15 New アイドルパワー M!LK 8月 14, 2026 - 1 230,589"
2026-08-16,jp,Japan,top_videos_daily,,16,https://i.ytimg.com/vi/49xuoRZiLZ4/mqdefault.jpg,エアロピクルス,KomeAnime,,,エアロピクルス KomeAnime
2026-08-16,jp,Japan,top_videos_daily,,17,https://i.ytimg.com/vi/YjPMupS1Lg4/mqdefault.jpg,烏,米津玄師,"6月 18, 2026",183327,"17 1 烏 米津玄師 6月 18, 2026 18 58 183,327"
2026-08-16,jp,Japan,top_videos_daily,,18,https://i.ytimg.com/vi/ufc54RdoitM/mqdefault.jpg,カリスマックス,Snow Man,,,カリスマックス Snow Man
2026-08-16,jp,Japan,top_videos_daily,,19,https://i.ytimg.com/vi/LmZD-TU96q4/mqdefault.jpg,IRIS OUT,米津玄師,"9月 15, 2025",177063,"19 1 IRIS OUT 米津玄師 9月 15, 2025 20 334 177,063"
2026-08-16,jp,Japan,top_videos_daily,,20,https://i.ytimg.com/vi/e4M8z1xGTw0/mqdefault.jpg,アイドルパワー (Live),M!LK,,,アイドルパワー (Live) M!LK
2026-08-16,jp,Japan,top_videos_daily,,21,https://i.ytimg.com/vi/NOuDYw_84XQ/mqdefault.jpg,Time is money,TAKARA,,,Time is money TAKARA
2026-08-16,jp,Japan,top_videos_daily,,22,https://i.ytimg.com/vi/3lOsboT-IWU/mqdefault.jpg,マイオンリー - My Only,SixTONES,,,マイオンリー - My Only SixTONES
2026-08-16,jp,Japan,top_videos_daily,,23,https://i.ytimg.com/vi/kcXKLaLNqww/mqdefault.jpg,しおざきわんだーらんど,M!LK,,,しおざきわんだーらんど M!LK
2026-08-16,jp,Japan,top_videos_daily,,24,https://i.ytimg.com/vi/Z-N0frXwQE4/mqdefault.jpg,ファントムシータ『にんぎょひめのうた』(OFFICIAL MUSIC VIDEO),ファントムシータ,,,ファントムシータ『にんぎょひめのうた』(OFFICIAL MUSIC VIDEO) ファントムシータ
2026-08-16,jp,Japan,top_videos_daily,,25,https://i.ytimg.com/vi/G7wRXibXE7s/mqdefault.jpg,マイオンリー - My Only,SixTONES,,,マイオンリー - My Only SixTONES
2026-08-16,jp,Japan,top_videos_daily,,26,https://i.ytimg.com/vi/Y6kCZTIkQw4/mqdefault.jpg,チラチLOVE,M!LK,"7月 3, 2026",137724,"26 1 チラチLOVE M!LK 7月 3, 2026 25 43 137,724"
2026-08-16,jp,Japan,top_videos_daily,,27,https://i.ytimg.com/vi/vBmU5v2EyxM/mqdefault.jpg,HOT LIMIT,T.M.Revolution,,,HOT LIMIT T.M.Revolution
2026-08-16,jp,Japan,top_videos_daily,,28,https://i.ytimg.com/vi/gNg2Qw5R-Q4/mqdefault.jpg,セレナーデ - Serenade,natori,,,セレナーデ - Serenade natori
2026-08-16,jp,Japan,top_videos_daily,,29,https://i.ytimg.com/vi/MjeiIal1ZR0/mqdefault.jpg,lulu.,Mrs. GREEN APPLE,,,lulu. Mrs. GREEN APPLE
2026-08-16,jp,Japan,top_videos_daily,,30,https://i.ytimg.com/vi/1DzBKtD3JzI/mqdefault.jpg,Five,嵐,"3月 5, 2026",125228,"30 3 Five 嵐 3月 5, 2026 33 163 125,228"
2026-08-16,jp,Japan,top_videos_daily,,31,https://i.ytimg.com/vi/lOpdrEgmYzY/mqdefault.jpg,It's Me,ILLIT,"5月 6, 2026",122281,"31 1 It's Me ILLIT 5月 6, 2026 32 66 122,281"
2026-08-16,jp,Japan,top_videos_daily,,32,https://i.ytimg.com/vi/dEEd9HHEQE0/mqdefault.jpg,真・運命,M!LK,"6月 17, 2026",121907,"32 4 真・運命 M!LK 6月 17, 2026 28 59 121,907"
2026-08-16,jp,Japan,top_videos_daily,,33,https://i.ytimg.com/vi/T24rF_x0TmQ/mqdefault.jpg,ヤラララ,AnythingBecomeMoe,,,ヤラララ AnythingBecomeMoe
2026-08-16,jp,Japan,top_videos_daily,,34,https://i.ytimg.com/vi/l2jvIuTp534/mqdefault.jpg,夜鷹,米津玄師,"7月 15, 2026",117495,"34 ● 夜鷹 米津玄師 7月 15, 2026 34 31 117,495"
2026-08-16,jp,Japan,top_videos_daily,,35,https://i.ytimg.com/vi/qFhspt7zsXg/mqdefault.jpg,BUGS LIFE,Number_i,,,BUGS LIFE Number_i
2026-08-16,jp,Japan,top_videos_daily,,36,https://i.ytimg.com/vi/v4kWR_REDEU/mqdefault.jpg,分かっちゃいないね,花隈千冬 / monet,,,分かっちゃいないね 花隈千冬 & monet
2026-08-16,jp,Japan,top_videos_daily,,37,https://i.ytimg.com/vi/pm3KrQ-HOZQ/mqdefault.jpg,好きすぎて滅 (Live),M!LK,,,好きすぎて滅 (Live) M!LK
2026-08-16,jp,Japan,top_videos_daily,,38,https://i.ytimg.com/vi/zz2a9Q2Wru0/mqdefault.jpg,AIZO,King Gnu,"1月 16, 2026",109448,"38 6 AIZO King Gnu 1月 16, 2026 44 210 109,448"
2026-08-16,jp,Japan,top_videos_daily,,39,https://i.ytimg.com/vi/OHAjc-ayhus/mqdefault.jpg,あぶく,YORUSHIKA,"4月 24, 2026",108976,"39 4 あぶく YORUSHIKA 4月 24, 2026 43 113 108,976"
2026-08-16,jp,Japan,top_videos_daily,,40,https://i.ytimg.com/vi/sPLqsLsooJY/mqdefault.jpg,JANE DOE,米津玄師 / 宇多田光,,,JANE DOE 米津玄師 & 宇多田光
2026-08-16,jp,Japan,top_videos_daily,,41,https://i.ytimg.com/vi/ru6i9lo4zBE/mqdefault.jpg,ブルーアンバー - Blue Amber,back number,,,ブルーアンバー - Blue Amber back number
2026-08-16,jp,Japan,top_videos_daily,,42,https://i.ytimg.com/vi/uRsLNtdPp8k/mqdefault.jpg,キミは都市伝説,BUDDiiS,"8月 13, 2026",105009,"42 New キミは都市伝説 BUDDiiS 8月 13, 2026 - 1 105,009"
2026-08-16,jp,Japan,top_videos_daily,,43,https://i.ytimg.com/vi/JofSrfFV4Kw/mqdefault.jpg,グッタイム (Live),Snow Man,,,グッタイム (Live) Snow Man
2026-08-16,jp,Japan,top_videos_daily,,44,https://i.ytimg.com/vi/-H4bB6hxeEs/mqdefault.jpg,【original anime MV】きゃぴ【寶鐘マリン / hololive】,Marine Ch. 寶鐘マリン,,,【original anime MV】きゃぴ【宝鐘マリン / hololive】 Marine Ch. 宝鐘マリン
2026-08-16,jp,Japan,top_videos_daily,,45,https://i.ytimg.com/vi/I_6m6_Ylyd8/mqdefault.jpg,Missing,BE:FIRST,,,Missing BE:FIRST
2026-08-16,jp,Japan,top_videos_daily,,46,https://i.ytimg.com/vi/TtAgxS48tyg/mqdefault.jpg,クエスチョン - Question,meiyo,,,クエスチョン - Question meiyo
2026-08-16,jp,Japan,top_videos_daily,,47,https://i.ytimg.com/vi/PmkN1iH4Ci4/mqdefault.jpg,King Gnu - GO GHOST,King Gnu,,,King Gnu - GO GHOST King Gnu
2026-08-16,jp,Japan,top_videos_daily,,48,https://i.ytimg.com/vi/LM875jeR-PM/mqdefault.jpg,It's Me,ILLIT,"5月 7, 2026",98614,"48 1 It's Me ILLIT 5月 7, 2026 47 83 98,614"
2026-08-16,jp,Japan,top_videos_daily,,49,https://i.ytimg.com/vi/lsHy8vRpnAM/mqdefault.jpg,クスシキ - KUSUSHIKI,Mrs. GREEN APPLE,,,クスシキ - KUSUSHIKI Mrs. GREEN APPLE
2026-08-16,jp,Japan,top_videos_daily,,50,https://i.ytimg.com/vi/-q_S27LbNKU/mqdefault.jpg,BAD,ATEEZ,"6月 25, 2026",95160,"50 5 BAD ATEEZ 6月 25, 2026 55 38 95,160"
2026-08-16,jp,Japan,top_videos_daily,,51,https://i.ytimg.com/vi/BZ4UzthYTss/mqdefault.jpg,This & That,Stray Kids,,,This & That Stray Kids
2026-08-16,jp,Japan,top_videos_daily,,52,https://i.ytimg.com/vi/J87JrRPC5nU/mqdefault.jpg,Yes! 東京,EBiDAN Ebisu Gakuen Boys Club,,,Yes! 東京 EBiDAN Ebisu Gakuen Boys Club
2026-08-16,jp,Japan,top_videos_daily,,53,https://i.ytimg.com/vi/gXNbJEYuoSw/mqdefault.jpg,"BRUCE WAYNE feat. Flo Milli, ATL Jacob",BE:FIRST,,,"BRUCE WAYNE feat. Flo Milli, ATL Jacob BE:FIRST"
2026-08-16,jp,Japan,top_videos_daily,,54,https://i.ytimg.com/vi/4IKHox-DKrM/mqdefault.jpg,モンストロ - Monstruo,Ado,,,モンストロ - Monstruo Ado
2026-08-16,jp,Japan,top_videos_daily,,55,https://i.ytimg.com/vi/_Pk6xfju3l0/mqdefault.jpg,I Got Your Back,ILLIT / HANA,,,I Got Your Back ILLIT & HANA
2026-08-16,jp,Japan,top_videos_daily,,56,https://i.ytimg.com/vi/oWRCXGvcU9s/mqdefault.jpg,愛くださいませ,NOT EQUAL ME,,,愛くださいませ NOT EQUAL ME
2026-08-16,jp,Japan,top_videos_daily,,57,https://i.ytimg.com/vi/ViFHruS6oO8/mqdefault.jpg,おつかれSUMMER,Halcali,,,おつかれSUMMER Halcali
2026-08-16,jp,Japan,top_videos_daily,,58,https://i.ytimg.com/vi/IPBXepn5jTA/mqdefault.jpg,若者のすべて(Wakamono No Subete),富士纖維樂團,,,若者のすべて(Wakamono No Subete) 富士纖維樂團
2026-08-16,jp,Japan,top_videos_daily,,59,https://i.ytimg.com/vi/3eytpBOkOFA/mqdefault.jpg,祝福 - Shukufuku,YOASOBI,,,祝福 - Shukufuku YOASOBI
2026-08-16,jp,Japan,top_videos_daily,,60,https://i.ytimg.com/vi/VQmdUnlNnds/mqdefault.jpg,キュートなキューたい,CUTIE STREET,,,キュートなキューたい CUTIE STREET
2026-08-16,jp,Japan,top_videos_daily,,61,https://i.ytimg.com/vi/83C3TZ4Zm_o/mqdefault.jpg,LEMONADE,aespa,"5月 28, 2026",78210,"61 4 LEMONADE aespa 5月 28, 2026 65 78 78,210"
2026-08-16,jp,Japan,top_videos_daily,,62,https://i.ytimg.com/vi/chl0R8C4NJ8/mqdefault.jpg,Hearts2Hearts 하츠투하츠 'ICONIC HEART' MV,Hearts2Hearts,,,Hearts2Hearts 하츠투하츠 'ICONIC HEART' MV Hearts2Hearts
2026-08-16,jp,Japan,top_videos_daily,,63,https://i.ytimg.com/vi/hmTET9uBh8A/mqdefault.jpg,未完成婚姻論,Dannie May,,,未完成婚姻論 Dannie May
2026-08-16,jp,Japan,top_videos_daily,,64,https://i.ytimg.com/vi/OKr0rgXI3Tg/mqdefault.jpg,【3D LIVE】III ～Justen × Sena ver.～【こぼ・かなえる×寶鐘マリン】テロップ・歌詞なしVer,Kobo Kanaeru / Houshou Marine,,,【3D LIVE】III ～Justen × Sena ver.～【こぼ・かなえる×宝鐘マリン】テロップ・歌詞なしVer Kobo Kanaeru & Houshou Marine
2026-08-16,jp,Japan,top_videos_daily,,65,https://i.ytimg.com/vi/AuxeE6T5cZo/mqdefault.jpg,GOODKUN,テセサク,"7月 7, 2026",72894,"65 1 GOODKUN テセサク 7月 7, 2026 66 29 72,894"
2026-08-16,jp,Japan,top_videos_daily,,66,https://i.ytimg.com/vi/6lN51mwvuA8/mqdefault.jpg,Gg Ez,M.Sasuke,"5月 30, 2026",72507,"66 7 Gg Ez M.Sasuke 5月 30, 2026 73 27 72,507"
2026-08-16,jp,Japan,top_videos_daily,,67,https://i.ytimg.com/vi/a_p5q5jk2Ek/mqdefault.jpg,This & That,Stray Kids,,,This & That Stray Kids
2026-08-16,jp,Japan,top_videos_daily,,68,https://i.ytimg.com/vi/fcnDmrtj6Sk/mqdefault.jpg,Dai Dai,Shakira / Burna Boy,,,Dai Dai Shakira & Burna Boy
2026-08-16,jp,Japan,top_videos_daily,,69,https://i.ytimg.com/vi/9NJI7cLZ2Qg/mqdefault.jpg,風と町,Mrs. GREEN APPLE,,,風と町 Mrs. GREEN APPLE
2026-08-16,jp,Japan,top_videos_daily,,70,https://i.ytimg.com/vi/oRdxUFDoQe0/mqdefault.jpg,Beat It,Michael Jackson,,,Beat It Michael Jackson
2026-08-16,jp,Japan,top_videos_daily,,71,https://i.ytimg.com/vi/iv3PeGDi1PM/mqdefault.jpg,梅田サイファー – 生物マナー (Prod. peko) [Official Music Video],Umedacypher,,,梅田サイファー – 生物マナー (Prod. peko) [Official Music Video] Umedacypher
2026-08-16,jp,Japan,top_videos_daily,,72,https://i.ytimg.com/vi/Iz3u_jbRaB0/mqdefault.jpg,初 音 ミ ク の 消 失,鈴木悠太,,,初 音 ミ ク の 消 失 鈴木悠太
2026-08-16,jp,Japan,top_videos_daily,,73,https://i.ytimg.com/vi/IQN7mEwkFpQ/mqdefault.jpg,センセーション,FRUITS ZIPPER,,,センセーション FRUITS ZIPPER
2026-08-16,jp,Japan,top_videos_daily,,74,https://i.ytimg.com/vi/soONhAPXYc4/mqdefault.jpg,【疾走系ソリスト】「カルメン組曲 / Georges Bizet」にカスタネット入れてみた☆,嶋崎雄鬥,,,【疾走系ソリスト】「カルメン組曲 / Georges Bizet」にカスタネット入れてみた☆ 嶋崎雄斗
2026-08-16,jp,Japan,top_videos_daily,,75,https://i.ytimg.com/vi/lmYusdmVg28/mqdefault.jpg,Dance Forever,SixTONES,,,Dance Forever SixTONES
2026-08-16,jp,Japan,top_videos_daily,,76,https://i.ytimg.com/vi/SfjSTlEHCSg/mqdefault.jpg,OBF,Joe Rikiichi,,,OBF Joe Rikiichi
2026-08-16,jp,Japan,top_videos_daily,,77,https://i.ytimg.com/vi/4FOSHKro21k/mqdefault.jpg,きゃわぽっぴんどぅ,iLiFE!,,,きゃわぽっぴんどぅ iLiFE!
2026-08-16,jp,Japan,top_videos_daily,,78,https://i.ytimg.com/vi/IT2X9ZtjHoI/mqdefault.jpg,好きish,AKB48,"7月 13, 2026",62348,"78 78 好きish AKB48 7月 13, 2026 - 16 62,348"
2026-08-16,jp,Japan,top_videos_daily,,79,https://i.ytimg.com/vi/gYjNjE_bNxY/mqdefault.jpg,ハヤスギテミエナイ - Hayasugite Mienai,SKRYU,,,ハヤスギテミエナイ - Hayasugite Mienai SKRYU
2026-08-16,jp,Japan,top_videos_daily,,80,https://i.ytimg.com/vi/LouuCa681zo/mqdefault.jpg,スペシャル感謝祭,CANDY TUNE,,,スペシャル感謝祭 CANDY TUNE
2026-08-16,jp,Japan,top_videos_daily,,81,https://i.ytimg.com/vi/nxLLYYgITzc/mqdefault.jpg,消えない花火,timelesz,"6月 25, 2026",59618,"81 2 消えない花火 timelesz 6月 25, 2026 83 51 59,618"
2026-08-16,jp,Japan,top_videos_daily,,82,https://i.ytimg.com/vi/xoBdZngf5Hs/mqdefault.jpg,Bad Girl,HANA,"3月 27, 2026",59571,"82 3 Bad Girl HANA 3月 27, 2026 85 140 59,571"
2026-08-16,jp,Japan,top_videos_daily,,83,https://i.ytimg.com/vi/Xz5tOyOafVc/mqdefault.jpg,どこまでも ～How Far I'll Go～,屋比久知奈,,,どこまでも ～How Far I'll Go～ 屋比久知奈
2026-08-16,jp,Japan,top_videos_daily,,84,https://i.ytimg.com/vi/1TthJcfbiWE/mqdefault.jpg,"Mall Boyz - Higher 2026 in 東京ドーム ft. Tohji, gummyboy",Tohji,,2026,"Mall Boyz - Higher 2026 in 東京ドーム ft. Tohji, gummyboy Tohji"
2026-08-16,jp,Japan,top_videos_daily,,85,https://i.ytimg.com/vi/9cS2wv6AfHk/mqdefault.jpg,I LIKE IT,BABYMONSTER,,,I LIKE IT BABYMONSTER
2026-08-16,jp,Japan,top_videos_daily,,86,https://i.ytimg.com/vi/TfvYFX06Mes/mqdefault.jpg,真夜中のZOO (Live),ACEes,,,真夜中のZOO (Live) ACEes
2026-08-16,jp,Japan,top_videos_daily,,87,https://i.ytimg.com/vi/pnEKl4aDLtU/mqdefault.jpg,睡眠不足すぎて超絶情緒不安定なショートスリーパー堀大輔とYouTuberの歌,utael,,,睡眠不足すぎて超絶情緒不安定なショートスリーパー堀大輔とYouTuberの歌 utael
2026-08-16,jp,Japan,top_videos_daily,,88,https://i.ytimg.com/vi/dB8QCac8FSM/mqdefault.jpg,將棋一番！ - Shogi Ichiban！,Yukopi,,,将棋一番！ - Shogi Ichiban！ Yukopi
2026-08-16,jp,Japan,top_videos_daily,,89,https://i.ytimg.com/vi/5IUOkKT5ys0/mqdefault.jpg,【サッカーノルウェー代表ハーランド選手への賛歌として話題！】CTID - Haaland (Ha Ha Ha) │ 和訳リリック・ビデオ,CTID,,,【サッカーノルウェー代表ハーランド選手への賛歌として話題！】CTID - Haaland (Ha Ha Ha) │ 和訳リリック・ビデオ CTID
2026-08-16,jp,Japan,top_videos_daily,,90,https://i.ytimg.com/vi/0beWrfj7AvE/mqdefault.jpg,ガチ夢中！ - GACHI MUCHU！,超特急,,,ガチ夢中！ - GACHI MUCHU！ 超特急
2026-08-16,jp,Japan,top_videos_daily,,91,https://i.ytimg.com/vi/fEiWFS9hoNM/mqdefault.jpg,ONE N’ ONLY／ “Samba de Night Fever” Dance Performance Video,ONE N' ONLY,,,ONE N’ ONLY／ “Samba de Night Fever” Dance Performance Video ONE N' ONLY
2026-08-16,jp,Japan,top_videos_daily,,92,https://i.ytimg.com/vi/X8njjHdF1go/mqdefault.jpg,王道 - Oudo,Kuzuha,,,王道 - Oudo Kuzuha
2026-08-16,jp,Japan,top_videos_daily,,93,https://i.ytimg.com/vi/uy_BaRBJIzQ/mqdefault.jpg,わたがし,back number,,,わたがし back number
2026-08-16,jp,Japan,top_videos_daily,,94,https://i.ytimg.com/vi/SzwpFnpK7ZI/mqdefault.jpg,Kiss Plan,M!LK,"1月 23, 2024",54835,"94 6 Kiss Plan M!LK 1月 23, 2024 88 21 54,835"
2026-08-16,jp,Japan,top_videos_daily,,95,https://i.ytimg.com/vi/V6Rk1gLUJTU/mqdefault.jpg,光の中で - Hikarinonakade,Takuya Kimura,,,光の中で - Hikarinonakade Takuya Kimura
2026-08-16,jp,Japan,top_videos_daily,,96,https://i.ytimg.com/vi/VEiBxLwfU3E/mqdefault.jpg,オドロウゼ！,Snow Man,"2月 23, 2026",54469,"96 6 オドロウゼ！ Snow Man 2月 23, 2026 90 114 54,469"
2026-08-16,jp,Japan,top_videos_daily,,97,https://i.ytimg.com/vi/8OCvkuxnIuw/mqdefault.jpg,真夏の果実 - Manatsu No Kajitsu,SOUTHERN ALL STARS,,,真夏の果実 - Manatsu No Kajitsu SOUTHERN ALL STARS
2026-08-16,jp,Japan,top_videos_daily,,98,https://i.ytimg.com/vi/Gnn4GRSzRXI/mqdefault.jpg,BOOMPALA,LE SSERAFIM,,,BOOMPALA LE SSERAFIM
2026-08-16,jp,Japan,top_videos_daily,,99,https://i.ytimg.com/vi/ARj1adoUoEU/mqdefault.jpg,飛ぶ時,Vaundy,"5月 30, 2026",53404,"99 99 飛ぶ時 Vaundy 5月 30, 2026 - 68 53,404"
2026-08-16,jp,Japan,top_videos_daily,,100,https://i.ytimg.com/vi/inxzQt78lOk/mqdefault.jpg,KISS N TELL,aespa,,,KISS N TELL aespa
2026-08-16,kr,South Korea,top_videos_daily,,1,https://i.ytimg.com/vi/9XttLI0oH0I/mqdefault.jpg,LOVE ATTACK,RESCENE,,,LOVE ATTACK RESCENE
2026-08-16,kr,South Korea,top_videos_daily,,2,https://i.ytimg.com/vi/Jxgbfc89hNI/mqdefault.jpg,Suddenly,I.O.I,"5月 19, 2026",121467,"2 2 Suddenly I.O.I 5月 19, 2026 4 88 121,467"
2026-08-16,kr,South Korea,top_videos_daily,,3,https://i.ytimg.com/vi/GxChUrrY4bc/mqdefault.jpg,꿈꾸던 어른이 되었나요?,머무르,,,꿈꾸던 어른이 되었나요? 머무르
2026-08-16,kr,South Korea,top_videos_daily,,4,https://i.ytimg.com/vi/-q_S27LbNKU/mqdefault.jpg,BAD,ATEEZ,"6月 25, 2026",108916,"4 6 BAD ATEEZ 6月 25, 2026 10 50 108,916"
2026-08-16,kr,South Korea,top_videos_daily,,5,https://i.ytimg.com/vi/qZlu2j2SiBA/mqdefault.jpg,Pretty Girl,RESCENE,,,Pretty Girl RESCENE
2026-08-16,kr,South Korea,top_videos_daily,,6,https://i.ytimg.com/vi/E30TvxRbZJs/mqdefault.jpg,AxMxP (에이엠피) - 나를 만나야 할 10가지 이유 MV,AxMxP,,,AxMxP (에이엠피) - 나를 만나야 할 10가지 이유 MV AxMxP
2026-08-16,kr,South Korea,top_videos_daily,,7,https://i.ytimg.com/vi/m3DZsBw5bnE/mqdefault.jpg,"How can I love the heartbreak, you’re the one I love",AKMU,,,"How can I love the heartbreak, you’re the one I love AKMU"
2026-08-16,kr,South Korea,top_videos_daily,,8,https://i.ytimg.com/vi/UsbRoaH6y-Q/mqdefault.jpg,Pop Off Pop Off,KiiiKiii,,,Pop Off Pop Off KiiiKiii
2026-08-16,kr,South Korea,top_videos_daily,,9,https://i.ytimg.com/vi/aRiVUVNUhIs/mqdefault.jpg,なんもねえ - Nannmonee,Wasureranneyo,,,なんもねえ - Nannmonee Wasureranneyo
2026-08-16,kr,South Korea,top_videos_daily,,10,https://i.ytimg.com/vi/bMhDJ0S0OBA/mqdefault.jpg,It's Me,ILLIT,"4月 30, 2026",91373,"10 2 It's Me ILLIT 4月 30, 2026 12 107 91,373"
2026-08-16,kr,South Korea,top_videos_daily,,11,https://i.ytimg.com/vi/ApXoWvfEYVU/mqdefault.jpg,Sunflower,Post Malone / Swae Lee,,,Sunflower Post Malone & Swae Lee
2026-08-16,kr,South Korea,top_videos_daily,,12,https://i.ytimg.com/vi/ZbO9PBdFRdc/mqdefault.jpg,Deja Vu,RESCENE,"7月 2, 2025",79746,"12 2 Deja Vu RESCENE 7月 2, 2025 14 93 79,746"
2026-08-16,kr,South Korea,top_videos_daily,,13,https://i.ytimg.com/vi/83C3TZ4Zm_o/mqdefault.jpg,LEMONADE,aespa,"5月 28, 2026",79064,"13 3 LEMONADE aespa 5月 28, 2026 16 78 79,064"
2026-08-16,kr,South Korea,top_videos_daily,,14,https://i.ytimg.com/vi/Qe8fa4b5xNU/mqdefault.jpg,Good Goodbye,HWASA,,,Good Goodbye HWASA
2026-08-16,kr,South Korea,top_videos_daily,,15,https://i.ytimg.com/vi/XPUOHpkRAxg/mqdefault.jpg,마음의 숲,조선힙합,"4月 9, 2026",70428,"15 8 마음의 숲 조선힙합 4月 9, 2026 23 87 70,428"
2026-08-16,kr,South Korea,top_videos_daily,,16,https://i.ytimg.com/vi/sFK89gemgKM/mqdefault.jpg,Eternal Moment,任英雄,,,Eternal Moment 任英雄
2026-08-16,kr,South Korea,top_videos_daily,,17,https://i.ytimg.com/vi/Zt939FWYipg/mqdefault.jpg,Pop Off Pop Off,KiiiKiii,,,Pop Off Pop Off KiiiKiii
2026-08-16,kr,South Korea,top_videos_daily,,18,https://i.ytimg.com/vi/BPjkepatFRI/mqdefault.jpg,황영웅 팬 정모_모르리,황영웅,,,황영웅 팬 정모_모르리 황영웅
2026-08-16,kr,South Korea,top_videos_daily,,19,https://i.ytimg.com/vi/chl0R8C4NJ8/mqdefault.jpg,Hearts2Hearts 하츠투하츠 'ICONIC HEART' MV,Hearts2Hearts,,,Hearts2Hearts 하츠투하츠 'ICONIC HEART' MV Hearts2Hearts
2026-08-16,kr,South Korea,top_videos_daily,,20,https://i.ytimg.com/vi/An0vA4ZLqkk/mqdefault.jpg,Hearts2Hearts 하츠투하츠 'ICONIC HEART' Dance Practice,Hearts2Hearts,,,Hearts2Hearts 하츠투하츠 'ICONIC HEART' Dance Practice Hearts2Hearts
2026-08-16,kr,South Korea,top_videos_daily,,21,https://i.ytimg.com/vi/dB8QCac8FSM/mqdefault.jpg,將棋一番！ - Shogi Ichiban！,Yukopi,,,将棋一番！ - Shogi Ichiban！ Yukopi
2026-08-16,kr,South Korea,top_videos_daily,,22,https://i.ytimg.com/vi/6ZUIwj3FgUY/mqdefault.jpg,I AM,IVE,"4月 10, 2023",62127,"22 3 I AM IVE 4月 10, 2023 19 192 62,127"
2026-08-16,kr,South Korea,top_videos_daily,,23,https://i.ytimg.com/vi/Ua3aNDJE_Cg/mqdefault.jpg,When I Get Old,克里斯多福 / 請夏,,,When I Get Old 克里斯多福 & 請夏
2026-08-16,kr,South Korea,top_videos_daily,,24,https://i.ytimg.com/vi/B2nMSP-Mgvo/mqdefault.jpg,살기 위해서,Noel,"12月 5, 2011",60138,"24 ● 살기 위해서 Noel 12月 5, 2011 24 340 60,138"
2026-08-16,kr,South Korea,top_videos_daily,,25,https://i.ytimg.com/vi/F7sGJVUrkjQ/mqdefault.jpg,RUDE!,Hearts2Hearts,,,RUDE! Hearts2Hearts
2026-08-16,kr,South Korea,top_videos_daily,,26,https://i.ytimg.com/vi/rCeM57e2BfU/mqdefault.jpg,And July,Heize,"7月 17, 2016",59850,"26 5 And July Heize 7月 17, 2016 21 80 59,850"
2026-08-16,kr,South Korea,top_videos_daily,,27,https://i.ytimg.com/vi/7tp45qgQuCQ/mqdefault.jpg,HYNN(박혜원) '3일 후 (Three days after)' ㅣ Official MV,HYNN,,,HYNN(박혜원) '3일 후 (Three days after)' ㅣ Official MV HYNN
2026-08-16,kr,South Korea,top_videos_daily,,28,https://i.ytimg.com/vi/f5ShDNOqq1E/mqdefault.jpg,Memory of the Wind,Naul,,,Memory of the Wind Naul
2026-08-16,kr,South Korea,top_videos_daily,,29,https://i.ytimg.com/vi/tfmwbxBKPh0/mqdefault.jpg,Don`t you know,CHO JAZZ,,,Don`t you know CHO JAZZ
2026-08-16,kr,South Korea,top_videos_daily,,30,https://i.ytimg.com/vi/GnSaLQTrvt0/mqdefault.jpg,Good Goodbye,HWASA,,,Good Goodbye HWASA
2026-08-16,kr,South Korea,top_videos_daily,,31,https://i.ytimg.com/vi/h0KIWaUEIgQ/mqdefault.jpg,사랑하게 될 거야,HANRORO,,,사랑하게 될 거야 HANRORO
2026-08-16,kr,South Korea,top_videos_daily,,32,https://i.ytimg.com/vi/-Gv1oUyuzgA/mqdefault.jpg,[MV] JUEUN(주은) _ Heartbeat(너랑 나는) (Feat.SHIRT),JUEUN,,,[MV] JUEUN(주은) _ Heartbeat(너랑 나는) (Feat.SHIRT) JUEUN
2026-08-16,kr,South Korea,top_videos_daily,,33,https://i.ytimg.com/vi/xRbPAVnqtcs/mqdefault.jpg,Travel,臉紅的思春期,"5月 24, 2018",51608,"33 6 Travel 臉紅的思春期 5月 24, 2018 27 118 51,608"
2026-08-16,kr,South Korea,top_videos_daily,,34,https://i.ytimg.com/vi/H0GbvPY_Yl8/mqdefault.jpg,만찬가,TAEYEON,"6月 29, 2026",51429,"34 5 만찬가 TAEYEON 6月 29, 2026 29 40 51,429"
2026-08-16,kr,South Korea,top_videos_daily,,35,https://i.ytimg.com/vi/amOSaNX7KJg/mqdefault.jpg,Way Back Home,SHAUN,,,Way Back Home SHAUN
2026-08-16,kr,South Korea,top_videos_daily,,36,https://i.ytimg.com/vi/30hZXHeB85U/mqdefault.jpg,ULSSIGU,任英雄,"9月 14, 2025",49314,"36 3 ULSSIGU 任英雄 9月 14, 2025 33 333 49,314"
2026-08-16,kr,South Korea,top_videos_daily,,37,https://i.ytimg.com/vi/UsjsYMo3O1Q/mqdefault.jpg,Brain Rot,Tokyo Manaka,,,Brain Rot Tokyo Manaka
2026-08-16,kr,South Korea,top_videos_daily,,38,https://i.ytimg.com/vi/4L_YopHT3Gg/mqdefault.jpg,돌아보지 마세요,Lim Young-woong,,,돌아보지 마세요 Lim Young-woong
2026-08-16,kr,South Korea,top_videos_daily,,39,https://i.ytimg.com/vi/D54StAZFUrc/mqdefault.jpg,Paradise of Rumors,AKMU,,,Paradise of Rumors AKMU
2026-08-16,kr,South Korea,top_videos_daily,,40,https://i.ytimg.com/vi/sLk8zWUuYTA/mqdefault.jpg,Vitamin ME,fromis_9,,,Vitamin ME fromis_9
2026-08-16,kr,South Korea,top_videos_daily,,41,https://i.ytimg.com/vi/fOdML_XhHvQ/mqdefault.jpg,비가 오는 날엔,Heize,"8月 4, 2021",44899,"41 6 비가 오는 날엔 Heize 8月 4, 2021 35 106 44,899"
2026-08-16,kr,South Korea,top_videos_daily,,42,https://i.ytimg.com/vi/yebNIHKAC4A/mqdefault.jpg,Golden,HUNTR/X / EJAE / AUDREY NUNA / REI AMI / KPop Demon Hunters Cast,,,"Golden HUNTR/X , EJAE , AUDREY NUNA , REI AMI & KPop Demon Hunters Cast"
2026-08-16,kr,South Korea,top_videos_daily,,43,https://i.ytimg.com/vi/5_n6t9G2TUQ/mqdefault.jpg,To. X,太妍,"11月 27, 2023",43144,"43 7 To. X 太妍 11月 27, 2023 36 287 43,144"
2026-08-16,kr,South Korea,top_videos_daily,,44,https://i.ytimg.com/vi/U6BDbXIah-Y/mqdefault.jpg,REDRED,CORTIS,"4月 20, 2026",42923,"44 9 REDRED CORTIS 4月 20, 2026 53 117 42,923"
2026-08-16,kr,South Korea,top_videos_daily,,45,https://i.ytimg.com/vi/cHkDZ1ekB9U/mqdefault.jpg,나무,"Car, the garden",,,"나무 Car, the garden"
2026-08-16,kr,South Korea,top_videos_daily,,46,https://i.ytimg.com/vi/khGHeUaJRjw/mqdefault.jpg,I Still Love You,鄭東河,,,I Still Love You 鄭東河
2026-08-16,kr,South Korea,top_videos_daily,,47,https://i.ytimg.com/vi/3DOkxQ3HDXE/mqdefault.jpg,아로하,曹政奭,"3月 26, 2020",42440,"47 ● 아로하 曹政奭 3月 26, 2020 47 88 42,440"
2026-08-16,kr,South Korea,top_videos_daily,,48,https://i.ytimg.com/vi/pHciG9_2xXM/mqdefault.jpg,"Meet my GRLS, TUIDE",HYBE LABELS,,,"Meet my GRLS, TUIDE HYBE LABELS"
2026-08-16,kr,South Korea,top_videos_daily,,49,https://i.ytimg.com/vi/vYq_Xzj8HUM/mqdefault.jpg,Hit 'Em,MEOVV,"6月 11, 2026",42032,"49 9 Hit 'Em MEOVV 6月 11, 2026 58 49 42,032"
2026-08-16,kr,South Korea,top_videos_daily,,50,https://i.ytimg.com/vi/6lN51mwvuA8/mqdefault.jpg,Gg Ez,M.Sasuke,"5月 30, 2026",41815,"50 6 Gg Ez M.Sasuke 5月 30, 2026 56 50 41,815"
2026-08-16,kr,South Korea,top_videos_daily,,51,https://i.ytimg.com/vi/R9miRFaYbWo/mqdefault.jpg,Candy Pink Magic Hole Flip Phone,KiiiKiii,,,Candy Pink Magic Hole Flip Phone KiiiKiii
2026-08-16,kr,South Korea,top_videos_daily,,52,https://i.ytimg.com/vi/sCmcSBsTxQc/mqdefault.jpg,Rain and You,이무진,,,Rain and You 이무진
2026-08-16,kr,South Korea,top_videos_daily,,53,https://i.ytimg.com/vi/m4t-prLnBs0/mqdefault.jpg,The Baddest,B THE HOOD,,,The Baddest B THE HOOD
2026-08-16,kr,South Korea,top_videos_daily,,54,https://i.ytimg.com/vi/5hL7uPsISY0/mqdefault.jpg,그냥 해,조선힙합,"6月 16, 2026",40856,"54 5 그냥 해 조선힙합 6月 16, 2026 49 59 40,856"
2026-08-16,kr,South Korea,top_videos_daily,,55,https://i.ytimg.com/vi/900X9fDFLc4/mqdefault.jpg,Roller Coaster,請夏,,,Roller Coaster 請夏
2026-08-16,kr,South Korea,top_videos_daily,,56,https://i.ytimg.com/vi/7LjFAoWvsbE/mqdefault.jpg,Walking with you,滑川康男,,,Walking with you 滑川康男
2026-08-16,kr,South Korea,top_videos_daily,,57,https://i.ytimg.com/vi/1Zv_iZmpz64/mqdefault.jpg,[MV] DK(디셈버) _ Step(발걸음),DK,,,[MV] DK(디셈버) _ Step(발걸음) DK
2026-08-16,kr,South Korea,top_videos_daily,,58,https://i.ytimg.com/vi/pLSHaE-A8z8/mqdefault.jpg,잔혹한 천사의 테제 (殘酷な天使のテーゼ ; A Cruel Angel's Thesis) | 신세기 에반게리온 OP | cover [가사/자막],DovIvI,,,잔혹한 천사의 테제 (残酷な天使のテーゼ ; A Cruel Angel's Thesis) | 신세기 에반게리온 OP | cover [가사/자막] DovIvI
2026-08-16,kr,South Korea,top_videos_daily,,59,https://i.ytimg.com/vi/MfYPKZl7W1w/mqdefault.jpg,我不愛你,城市札卡巴,"5月 26, 2016",37764,"59 2 我不愛你 城市札卡巴 5月 26, 2016 61 100 37,764"
2026-08-16,kr,South Korea,top_videos_daily,,60,https://i.ytimg.com/vi/T24rF_x0TmQ/mqdefault.jpg,ヤラララ,AnythingBecomeMoe,,,ヤラララ AnythingBecomeMoe
2026-08-16,kr,South Korea,top_videos_daily,,61,https://i.ytimg.com/vi/n4-xCpxMmt0/mqdefault.jpg,Rebel (Art. HANGSUNG),Anonymous Artists (어나니머스 아티스트) / HANGSUNG,,,Rebel (Art. HANGSUNG) Anonymous Artists (어나니머스 아티스트) & HANGSUNG
2026-08-16,kr,South Korea,top_videos_daily,,62,https://i.ytimg.com/vi/1cKc1rkZwf8/mqdefault.jpg,It's Art,PSY,"2月 7, 2011",36178,"62 4 It's Art PSY 2月 7, 2011 66 59 36,178"
2026-08-16,kr,South Korea,top_videos_daily,,63,https://i.ytimg.com/vi/-lwj47dDrNU/mqdefault.jpg,"CHAERYEONG “Full Moon” @ ITZY The 5th Fan Meeting “ALL IN, MIDZY”",ITZY,,,"CHAERYEONG “Full Moon” @ ITZY The 5th Fan Meeting “ALL IN, MIDZY” ITZY"
2026-08-16,kr,South Korea,top_videos_daily,,64,https://i.ytimg.com/vi/kbNdx0yqbZE/mqdefault.jpg,モニタリング,DECO*27,"11月 22, 2024",35911,"64 1 モニタリング DECO*27 11月 22, 2024 63 216 35,911"
2026-08-16,kr,South Korea,top_videos_daily,,65,https://i.ytimg.com/vi/BeR0jz0JVac/mqdefault.jpg,Reckless Love,水晶男孩,,,Reckless Love 水晶男孩
2026-08-16,kr,South Korea,top_videos_daily,,66,https://i.ytimg.com/vi/3w5iMGSHvsE/mqdefault.jpg,first love,Epitone Project,,,first love Epitone Project
2026-08-16,kr,South Korea,top_videos_daily,,67,https://i.ytimg.com/vi/Q_YdBd05FJs/mqdefault.jpg,You In The Same Time,Naul,,,You In The Same Time Naul
2026-08-16,kr,South Korea,top_videos_daily,,68,https://i.ytimg.com/vi/B9FTAcOK3cA/mqdefault.jpg,Tinker Bell,APRIL,,,Tinker Bell APRIL
2026-08-16,kr,South Korea,top_videos_daily,,69,https://i.ytimg.com/vi/5a-tqIQc8RM/mqdefault.jpg,Grown Ups,Sondia,,,Grown Ups Sondia
2026-08-16,kr,South Korea,top_videos_daily,,70,https://i.ytimg.com/vi/Wr8Z8JY54K4/mqdefault.jpg,Problem Child,NOWZ (나우즈),,,Problem Child NOWZ (나우즈)
2026-08-16,kr,South Korea,top_videos_daily,,71,https://i.ytimg.com/vi/9JFi7MmjtGA/mqdefault.jpg,MANIAC,VIVIZ,"11月 2, 2023",32007,"71 2 MANIAC VIVIZ 11月 2, 2023 73 202 32,007"
2026-08-16,kr,South Korea,top_videos_daily,,72,https://i.ytimg.com/vi/dlo9uuiP3Z0/mqdefault.jpg,Def. - RING,林在範,"7月 11, 2021",31340,"72 New Def. - RING 林在範 7月 11, 2021 - 1 31,340"
2026-08-16,kr,South Korea,top_videos_daily,,73,https://i.ytimg.com/vi/1VqxWNwgf5Q/mqdefault.jpg,Lemon Tang,Hearts2Hearts,,,Lemon Tang Hearts2Hearts
2026-08-16,kr,South Korea,top_videos_daily,,74,https://i.ytimg.com/vi/B6mI1mVMAB4/mqdefault.jpg,You(=I),臉紅的思春期,"6月 14, 2022",31017,"74 5 You(=I) 臉紅的思春期 6月 14, 2022 69 181 31,017"
2026-08-16,kr,South Korea,top_videos_daily,,75,https://i.ytimg.com/vi/XKZIQlqVjjk/mqdefault.jpg,승인해주세요 지니님!,카사네 테토 / Una Otomachi,,,승인해주세요 지니님! 카사네 테토 & Una Otomachi
2026-08-16,kr,South Korea,top_videos_daily,,76,https://i.ytimg.com/vi/Zb1sZ16uWBk/mqdefault.jpg,long for you,Hyunjin / Stray Kids,,,long for you Hyunjin & Stray Kids
2026-08-16,kr,South Korea,top_videos_daily,,77,https://i.ytimg.com/vi/D1PvIWdJ8xo/mqdefault.jpg,Blueming,IU,"11月 18, 2019",30132,"77 3 Blueming IU 11月 18, 2019 74 63 30,132"
2026-08-16,kr,South Korea,top_videos_daily,,78,https://i.ytimg.com/vi/NOiyDlWl534/mqdefault.jpg,Catch Catch,YENA,,,Catch Catch YENA
2026-08-16,kr,South Korea,top_videos_daily,,79,https://i.ytimg.com/vi/5ly8tAU-n_w/mqdefault.jpg,If You Ask Me What Love Is,Roy Kim,,,If You Ask Me What Love Is Roy Kim
2026-08-16,kr,South Korea,top_videos_daily,,80,https://i.ytimg.com/vi/MC6-82GRK5I/mqdefault.jpg,Bloom,RESCENE,"11月 25, 2025",29611,"80 5 Bloom RESCENE 11月 25, 2025 85 39 29,611"
2026-08-16,kr,South Korea,top_videos_daily,,81,https://i.ytimg.com/vi/SNn_H_Q2moo/mqdefault.jpg,"기쁨, 슬픔, 아름다운 마음",樂童音樂家,,,"기쁨, 슬픔, 아름다운 마음 樂童音樂家"
2026-08-16,kr,South Korea,top_videos_daily,,82,https://i.ytimg.com/vi/BBdC1rl5sKY/mqdefault.jpg,Event Horizon,高潤荷,,,Event Horizon 高潤荷
2026-08-16,kr,South Korea,top_videos_daily,,83,https://i.ytimg.com/vi/iaDgfQ0sIYY/mqdefault.jpg,Paradise,PSY,"7月 22, 2020",28201,"83 2 Paradise PSY 7月 22, 2020 81 167 28,201"
2026-08-16,kr,South Korea,top_videos_daily,,84,https://i.ytimg.com/vi/g36q0ZLvygQ/mqdefault.jpg,REBEL HEART,IVE,"1月 13, 2025",28076,"84 4 REBEL HEART IVE 1月 13, 2025 88 251 28,076"
2026-08-16,kr,South Korea,top_videos_daily,,85,https://i.ytimg.com/vi/6Ycn9qZK09I/mqdefault.jpg,Heavy Serenade,NMIXX,,,Heavy Serenade NMIXX
2026-08-16,kr,South Korea,top_videos_daily,,86,https://i.ytimg.com/vi/zhHB4dZTChw/mqdefault.jpg,404 (New Era),KiiiKiii,,404,404 (New Era) KiiiKiii
2026-08-16,kr,South Korea,top_videos_daily,,87,https://i.ytimg.com/vi/ve7vLxUVFpE/mqdefault.jpg,Because I Don't Love You,Onestar,,,Because I Don't Love You Onestar
2026-08-16,kr,South Korea,top_videos_daily,,88,https://i.ytimg.com/vi/1VdPvAqVrow/mqdefault.jpg,Broken Heart,高耀太,,,Broken Heart 高耀太
2026-08-16,kr,South Korea,top_videos_daily,,89,https://i.ytimg.com/vi/PxmKaXqeK2s/mqdefault.jpg,너의 차선,조선힙합,"5月 21, 2026",26681,"89 7 너의 차선 조선힙합 5月 21, 2026 96 51 26,681"
2026-08-16,kr,South Korea,top_videos_daily,,90,https://i.ytimg.com/vi/pTD9Jysi3_g/mqdefault.jpg,빈차 (Home Is Far Away) ft. OH HYUK,Epik High,,,빈차 (Home Is Far Away) ft. OH HYUK Epik High
2026-08-16,kr,South Korea,top_videos_daily,,91,https://i.ytimg.com/vi/NZP153MUpHY/mqdefault.jpg,Surfin' Boy,Red Velvet,,,Surfin' Boy Red Velvet
2026-08-16,kr,South Korea,top_videos_daily,,92,https://i.ytimg.com/vi/K5H-GvnNz2Y/mqdefault.jpg,Mr. Chu,Apink,"3月 30, 2014",24788,"92 92 Mr. Chu Apink 3月 30, 2014 - 85 24,788"
2026-08-16,kr,South Korea,top_videos_daily,,93,https://i.ytimg.com/vi/ba7YbGO2aq4/mqdefault.jpg,numb numb,TAK,"5月 20, 2026",24718,"93 93 numb numb TAK 5月 20, 2026 - 62 24,718"
2026-08-16,kr,South Korea,top_videos_daily,,94,https://i.ytimg.com/vi/Tp4GDTcN2iI/mqdefault.jpg,[성시경 노래] 72. 이별여행 (With.원미연) l Sung Si Kyung Music,成始璄,,,[성시경 노래] 72. 이별여행 (With.원미연) l Sung Si Kyung Music 成始璄
2026-08-16,kr,South Korea,top_videos_daily,,95,https://i.ytimg.com/vi/RaTCjhIS4AY/mqdefault.jpg,A Letter For You,Kim Na-young,,,A Letter For You Kim Na-young
2026-08-16,kr,South Korea,top_videos_daily,,96,https://i.ytimg.com/vi/EzpgAyBy8-M/mqdefault.jpg,헤이즈(Heize) - Always be there for you,Heize,,,헤이즈(Heize) - Always be there for you Heize
2026-08-16,kr,South Korea,top_videos_daily,,97,https://i.ytimg.com/vi/cMB4cQHJt6Y/mqdefault.jpg,Eternal love,臉紅的思春期,,,Eternal love 臉紅的思春期
2026-08-16,kr,South Korea,top_videos_daily,,98,https://i.ytimg.com/vi/_IT83Y_HcAw/mqdefault.jpg,Less than a Lover,JENNIE,,,Less than a Lover JENNIE
2026-08-16,kr,South Korea,top_videos_daily,,99,https://i.ytimg.com/vi/0-q1KafFCLU/mqdefault.jpg,Celebrity,IU,"1月 27, 2021",23516,"99 6 Celebrity IU 1月 27, 2021 93 20 23,516"
2026-08-16,kr,South Korea,top_videos_daily,,100,https://i.ytimg.com/vi/eDEFolvLn0A/mqdefault.jpg,FIESTA,IZ*ONE,"2月 17, 2020",23341,"100 100 FIESTA IZ*ONE 2月 17, 2020 - 18 23,341"
2026-08-16,vn,Vietnam,top_videos_daily,,1,https://i.ytimg.com/vi/UH21OnJwxZE/mqdefault.jpg,PHƯƠNG MỸ CHI x DTAP | 'THIÊN ĐƯỜNG VỚI NGƯỜI THƯƠNG' | OFFICIAL MUSIC VIDEO,Phương Mỹ Chi,,,PHƯƠNG MỸ CHI x DTAP | 'THIÊN ĐƯỜNG VỚI NGƯỜI THƯƠNG' | OFFICIAL MUSIC VIDEO Phương Mỹ Chi
2026-08-16,vn,Vietnam,top_videos_daily,,2,https://i.ytimg.com/vi/gJAbDSse5WM/mqdefault.jpg,Tìm Em,Hngle,"6月 18, 2026",959827,"2 1 Tìm Em Hngle 6月 18, 2026 1 57 959,827"
2026-08-16,vn,Vietnam,top_videos_daily,,3,https://i.ytimg.com/vi/Rb3hfEPyJxQ/mqdefault.jpg,"SECRET - Cody Nam Võ, Quang Hùng MasterD, Wren Evans, CONGB | TINH HÀ SAY HI [PERFORMANCE]",Vie Channel - MUSIC,,,"SECRET - Cody Nam Võ, Quang Hùng MasterD, Wren Evans, CONGB | TINH HÀ SAY HI [PERFORMANCE] Vie Channel - MUSIC"
2026-08-16,vn,Vietnam,top_videos_daily,,4,https://i.ytimg.com/vi/4jjOH2FR6-E/mqdefault.jpg,xương rồng (intro),Dangrangto / Donal,,,xương rồng (intro) Dangrangto & Donal
2026-08-16,vn,Vietnam,top_videos_daily,,5,https://i.ytimg.com/vi/9UcQ7ddVjoc/mqdefault.jpg,Không Buông,Hngle / Ari,,,Không Buông Hngle & Ari
2026-08-16,vn,Vietnam,top_videos_daily,,6,https://i.ytimg.com/vi/heMYSOZoT3c/mqdefault.jpg,dự báo thời tiết hôm nay mưa,ST.319 Entertainment,,319,dự báo thời tiết hôm nay mưa ST.319 Entertainment
2026-08-16,vn,Vietnam,top_videos_daily,,7,https://i.ytimg.com/vi/cwlToxaWuL8/mqdefault.jpg,"MRT - XUÂN ĐỊNH KY, buitruonglinh, CAPTAIN BOY, HYO | TINH HÀ SAY HI [PERFORMANCE]",Vie Channel - MUSIC,,,"MRT - XUÂN ĐỊNH KY, buitruonglinh, CAPTAIN BOY, HYO | TINH HÀ SAY HI [PERFORMANCE] Vie Channel - MUSIC"
2026-08-16,vn,Vietnam,top_videos_daily,,8,https://i.ytimg.com/vi/XwshmJV-DHg/mqdefault.jpg,"Quang Hùng MasterD - 'SECRET' (ft. Cody Nam Võ, Wren Evans, CONGB) / TINH HÀ SAY HI",Quang Hùng MasterD,,,"Quang Hùng MasterD - 'SECRET' (ft. Cody Nam Võ, Wren Evans, CONGB) / TINH HÀ SAY HI Quang Hùng MasterD"
2026-08-16,vn,Vietnam,top_videos_daily,,9,https://i.ytimg.com/vi/l_uzEREOKfo/mqdefault.jpg,THẾ GIỚI CỦA ANH,Dương Domic / buitruonglinh / CONGB / WEAN / Vận Toàn,,,"THẾ GIỚI CỦA ANH Dương Domic , buitruonglinh , CONGB , WEAN & Vận Toàn"
2026-08-16,vn,Vietnam,top_videos_daily,,10,https://i.ytimg.com/vi/RM-LMRqL5zE/mqdefault.jpg,Gián Đáng Iu Hongg?,Lâm Thằn Lằn / The New Gene,,,Gián Đáng Iu Hongg? Lâm Thằn Lằn & The New Gene
2026-08-16,vn,Vietnam,top_videos_daily,,11,https://i.ytimg.com/vi/l4Pkem30Q60/mqdefault.jpg,Kẻ Say Tình (Live),Quoc Thien,,,Kẻ Say Tình (Live) Quoc Thien
2026-08-16,vn,Vietnam,top_videos_daily,,12,https://i.ytimg.com/vi/8sVtL0o-v7U/mqdefault.jpg,Người Im Lặng Gặp Người Hay Nói,HIEUTHUHAI,,,Người Im Lặng Gặp Người Hay Nói HIEUTHUHAI
2026-08-16,vn,Vietnam,top_videos_daily,,13,https://i.ytimg.com/vi/6uVJqD2hSGQ/mqdefault.jpg,07. Em - Binz (feat. SOOBIN) | Gặp Lại Album,Binz,,,07. Em - Binz (feat. SOOBIN) | Gặp Lại Album Binz
2026-08-16,vn,Vietnam,top_videos_daily,,14,https://i.ytimg.com/vi/8-bKjcADU18/mqdefault.jpg,MƯA VỘI PHÓNG,Wren Evans / Ali Hoàng Dương / CODY Nam Võ / HYO / 2Pillz,,,"MƯA VỘI PHÓNG Wren Evans , Ali Hoàng Dương , CODY Nam Võ , HYO & 2Pillz"
2026-08-16,vn,Vietnam,top_videos_daily,,15,https://i.ytimg.com/vi/sPQXOA6pzOg/mqdefault.jpg,Ngày Rời Chuyến Bay,Minh Huy / Pinny,,,Ngày Rời Chuyến Bay Minh Huy & Pinny
2026-08-16,vn,Vietnam,top_videos_daily,,16,https://i.ytimg.com/vi/zHDECJy0p7k/mqdefault.jpg,Có Ai Hẹn Hò Cùng Em Chưa,Quân A.P,,,Có Ai Hẹn Hò Cùng Em Chưa Quân A.P
2026-08-16,vn,Vietnam,top_videos_daily,,17,https://i.ytimg.com/vi/sZrIbpwjTwk/mqdefault.jpg,ẾCH NGOÀI ĐÁY GIẾNG,Vie Channel - MUSIC,,,ẾCH NGOÀI ĐÁY GIẾNG Vie Channel - MUSIC
2026-08-16,vn,Vietnam,top_videos_daily,,18,https://i.ytimg.com/vi/jM6UrE3Bxw4/mqdefault.jpg,Tự Do Như Cơn Gió,Xanh,,,Tự Do Như Cơn Gió Xanh
2026-08-16,vn,Vietnam,top_videos_daily,,19,https://i.ytimg.com/vi/f-VsoLm4i5c/mqdefault.jpg,Từng Ngày Yêu Em,buitruonglinh,,,Từng Ngày Yêu Em buitruonglinh
2026-08-16,vn,Vietnam,top_videos_daily,,20,https://i.ytimg.com/vi/T7ksmtaVeOk/mqdefault.jpg,In Love,JustaTee / Low G,,,In Love JustaTee & Low G
2026-08-16,vn,Vietnam,top_videos_daily,,21,https://i.ytimg.com/vi/Ce8_CVSDwvk/mqdefault.jpg,LAMOON - CHIẾU | Official Music Video | STARRING ĐỖ NHẬT HOÀNG | from EP: Gửi H,"EM XINH ""SAY HI""",,,"LAMOON - CHIẾU | Official Music Video | STARRING ĐỖ NHẬT HOÀNG | from EP: Gửi H EM XINH ""SAY HI"""
2026-08-16,vn,Vietnam,top_videos_daily,,22,https://i.ytimg.com/vi/XpY62G82-HI/mqdefault.jpg,Thương Lấy Phận Mình (Remix),Thái Học,,,Thương Lấy Phận Mình (Remix) Thái Học
2026-08-16,vn,Vietnam,top_videos_daily,,23,https://i.ytimg.com/vi/uUQG8sk7cLs/mqdefault.jpg,Kẻ Say Tình 2,Quoc Thien,,,Kẻ Say Tình 2 Quoc Thien
2026-08-16,vn,Vietnam,top_videos_daily,,24,https://i.ytimg.com/vi/uuTT21tabiw/mqdefault.jpg,MỘNG DUYÊN,Quang Hùng MasterD / JSOL / Sơn.K / Song Luân / Emil Vergo,,,"MỘNG DUYÊN Quang Hùng MasterD , JSOL , Sơn.K , Song Luân & Emil Vergo"
2026-08-16,vn,Vietnam,top_videos_daily,,25,https://i.ytimg.com/vi/fcnDmrtj6Sk/mqdefault.jpg,Dai Dai,Shakira / Burna Boy,,,Dai Dai Shakira & Burna Boy
2026-08-16,vn,Vietnam,top_videos_daily,,26,https://i.ytimg.com/vi/qbek-A-CJJU/mqdefault.jpg,GIÁ NHƯ ANH LÀ EM - LỆ QUYÊN | OFFICIAL MUSIC VIDEO,麗娟,,,GIÁ NHƯ ANH LÀ EM - LỆ QUYÊN | OFFICIAL MUSIC VIDEO 麗娟
2026-08-16,vn,Vietnam,top_videos_daily,,27,https://i.ytimg.com/vi/Udc6MAAZT30/mqdefault.jpg,Từng Là Của Nhau,Bảo Anh / Táo,,,Từng Là Của Nhau Bảo Anh & Táo
2026-08-16,vn,Vietnam,top_videos_daily,,28,https://i.ytimg.com/vi/om6Qessps1c/mqdefault.jpg,50 CUỘC GỌI NHỠ,COOLKID / Quang Hùng MasterD / CODYNAMVO / Jaysonlei,,,"50 CUỘC GỌI NHỠ COOLKID , Quang Hùng MasterD , CODYNAMVO & Jaysonlei"
2026-08-16,vn,Vietnam,top_videos_daily,,29,https://i.ytimg.com/vi/DcCISK3sCYg/mqdefault.jpg,Có em,Madihu / Low G,,,Có em Madihu & Low G
2026-08-16,vn,Vietnam,top_videos_daily,,30,https://i.ytimg.com/vi/zFYhwqtT2Y0/mqdefault.jpg,Mashup 30IN1 - Nhạc Remix Lộn Xộn - 100K NHẠC THẬP CẨM🎼Nhạc Lộn Xộn PEAK Remix TikTok Triệu View,Thanh Huyy Music,,100,Mashup 30IN1 - Nhạc Remix Lộn Xộn - 100K NHẠC THẬP CẨM🎼Nhạc Lộn Xộn PEAK Remix TikTok Triệu View Thanh Huyy Music
2026-08-16,vn,Vietnam,top_videos_daily,,31,https://i.ytimg.com/vi/HmB5x6wu79E/mqdefault.jpg,Nếu Biết Đó Là Lần Cuối (Beat),BMZ / Đức Trường,,,Nếu Biết Đó Là Lần Cuối (Beat) BMZ & Đức Trường
2026-08-16,vn,Vietnam,top_videos_daily,,32,https://i.ytimg.com/vi/s76BtB81Oms/mqdefault.jpg,ĐỚN ĐAU VÔ CÙNG,DatKaa,,,ĐỚN ĐAU VÔ CÙNG DatKaa
2026-08-16,vn,Vietnam,top_videos_daily,,33,https://i.ytimg.com/vi/05S2uf37ufc/mqdefault.jpg,Địa Ngục Trần Gian (Remix),Phạm Kỳ,,,Địa Ngục Trần Gian (Remix) Phạm Kỳ
2026-08-16,vn,Vietnam,top_videos_daily,,34,https://i.ytimg.com/vi/O5nlyrBH3FQ/mqdefault.jpg,CILU (Cuz I Luv U) - JGKiD (Da LAB) x MPaKK (Da LAB) (Official MV),Da LAB,,,CILU (Cuz I Luv U) - JGKiD (Da LAB) x MPaKK (Da LAB) (Official MV) Da LAB
2026-08-16,vn,Vietnam,top_videos_daily,,35,https://i.ytimg.com/vi/SsBvmklAty4/mqdefault.jpg,Anh Này Là Của Tui (Remix),MIỀN TÂY REMIX,,,Anh Này Là Của Tui (Remix) MIỀN TÂY REMIX
2026-08-16,vn,Vietnam,top_videos_daily,,36,https://i.ytimg.com/vi/PF3exV7ck7s/mqdefault.jpg,"Gửi em, người bất tử | Ân Ngờ FT. Mỹ Mỹ (Official MV) [Mini Album 0 Ngờ]",Ân ngờ,,,"Gửi em, người bất tử | Ân Ngờ FT. Mỹ Mỹ (Official MV) [Mini Album 0 Ngờ] Ân ngờ"
2026-08-16,vn,Vietnam,top_videos_daily,,37,https://i.ytimg.com/vi/yszxOH4e5eA/mqdefault.jpg,Mối Duyên Vàng,Võ Thu Hà / Tuấn Cry,,,Mối Duyên Vàng Võ Thu Hà & Tuấn Cry
2026-08-16,vn,Vietnam,top_videos_daily,,38,https://i.ytimg.com/vi/xJ1uMrL9Rwo/mqdefault.jpg,Ngồi Nghe Em Khóc,DatG Music,,,Ngồi Nghe Em Khóc DatG Music
2026-08-16,vn,Vietnam,top_videos_daily,,39,https://i.ytimg.com/vi/7iG_k6-iCGA/mqdefault.jpg,"W/n - SSD ft. (267, Nguyenn, PAR SG)",W/N,,267,"W/n - SSD ft. (267, Nguyenn, PAR SG) W/N"
2026-08-16,vn,Vietnam,top_videos_daily,,40,https://i.ytimg.com/vi/bZZn2B11b_c/mqdefault.jpg,Thanh Tân,VƯƠNG BÌNH / Thùy Chi,,,Thanh Tân VƯƠNG BÌNH & Thùy Chi
2026-08-16,vn,Vietnam,top_videos_daily,,41,https://i.ytimg.com/vi/9bdCgrrBUWE/mqdefault.jpg,Thiệp Hồng Chung Tên,Út Nhị Mino,,,Thiệp Hồng Chung Tên Út Nhị Mino
2026-08-16,vn,Vietnam,top_videos_daily,,42,https://i.ytimg.com/vi/fTXd-DpN3AI/mqdefault.jpg,Bông Hoa Đẹp Nhất,Quân A.P,,,Bông Hoa Đẹp Nhất Quân A.P
2026-08-16,vn,Vietnam,top_videos_daily,,43,https://i.ytimg.com/vi/5qqUYmJZc6Q/mqdefault.jpg,Thương Thầm Cô Lái Đò (Remix),Tiến võ,,,Thương Thầm Cô Lái Đò (Remix) Tiến võ
2026-08-16,vn,Vietnam,top_videos_daily,,44,https://i.ytimg.com/vi/fdFRy9zBdMo/mqdefault.jpg,Kẻ Say Tình 2 (Live),Quoc Thien,,,Kẻ Say Tình 2 (Live) Quoc Thien
2026-08-16,vn,Vietnam,top_videos_daily,,45,https://i.ytimg.com/vi/usBJRm0DNl0/mqdefault.jpg,Lo Người Ướt Áo (Remix),H2O Remix / Khánh Cường / Việt Lee,,,"Lo Người Ướt Áo (Remix) H2O Remix , Khánh Cường & Việt Lee"
2026-08-16,vn,Vietnam,top_videos_daily,,46,https://i.ytimg.com/vi/HedP3E7ljhk/mqdefault.jpg,Xin Đừng Rời Xa Anh (Truzg Remix) | Lê Gia Bảo | Nhạc Hot Trend TikTok 2026,Lê Gia Bảo,,2026,Xin Đừng Rời Xa Anh (Truzg Remix) | Lê Gia Bảo | Nhạc Hot Trend TikTok 2026 Lê Gia Bảo
2026-08-16,vn,Vietnam,top_videos_daily,,47,https://i.ytimg.com/vi/jiGPS1laaPI/mqdefault.jpg,ANH NÀY LÀ CỦA TUI,Pinky Vanh / Hoa vũ / HChun,,,"ANH NÀY LÀ CỦA TUI Pinky Vanh , Hoa vũ & HChun"
2026-08-16,vn,Vietnam,top_videos_daily,,48,https://i.ytimg.com/vi/r0uH9lOqPZI/mqdefault.jpg,Bên Ấy Em Có Ai Rồi,周凱峰,,,Bên Ấy Em Có Ai Rồi 周凱峰
2026-08-16,vn,Vietnam,top_videos_daily,,49,https://i.ytimg.com/vi/CoSc0Qqd5L0/mqdefault.jpg,Nhức Tiềm Thức,YEAH1 MUSIC,,,Nhức Tiềm Thức YEAH1 MUSIC
2026-08-16,vn,Vietnam,top_videos_daily,,50,https://i.ytimg.com/vi/xnIIoan7ft8/mqdefault.jpg,Một Nửa Sự Thật,24k.Right,,,Một Nửa Sự Thật 24k.Right
2026-08-16,vn,Vietnam,top_videos_daily,,51,https://i.ytimg.com/vi/zDrji1Uwnh8/mqdefault.jpg,Anh Đã Từ Bỏ Rồi Đấy (Solo Version),Nguyenn,,,Anh Đã Từ Bỏ Rồi Đấy (Solo Version) Nguyenn
2026-08-16,vn,Vietnam,top_videos_daily,,52,https://i.ytimg.com/vi/ZQsXySoECfo/mqdefault.jpg,IM ĐỢI NGƯỜI ANH THƯƠNG,Wren Evans / CAPTAIN BOY / IVAN / Thể Thiên,,,"IM ĐỢI NGƯỜI ANH THƯƠNG Wren Evans , CAPTAIN BOY , IVAN & Thể Thiên"
2026-08-16,vn,Vietnam,top_videos_daily,,53,https://i.ytimg.com/vi/lK_KgArI2NA/mqdefault.jpg,LET ME GO,Da LAB / Vương Anh Tú / Hoàng Rob / Hoàng Dũng / Cheng,,,"LET ME GO Da LAB , Vương Anh Tú , Hoàng Rob , Hoàng Dũng & Cheng"
2026-08-16,vn,Vietnam,top_videos_daily,,54,https://i.ytimg.com/vi/8F2s8ivKXNY/mqdefault.jpg,Life Goes On,Oliver Tree,,,Life Goes On Oliver Tree
2026-08-16,vn,Vietnam,top_videos_daily,,55,https://i.ytimg.com/vi/CD_BFGQkIgY/mqdefault.jpg,SỰ ƯU TIÊN CỦA EM,Kiều Chi,,,SỰ ƯU TIÊN CỦA EM Kiều Chi
2026-08-16,vn,Vietnam,top_videos_daily,,56,https://i.ytimg.com/vi/bnj1xUDkpBk/mqdefault.jpg,Giấc Mộng Ca Sĩ,Vanh Leg,,,Giấc Mộng Ca Sĩ Vanh Leg
2026-08-16,vn,Vietnam,top_videos_daily,,57,https://i.ytimg.com/vi/hzUG1erf3Yw/mqdefault.jpg,Xin Đừng Rời Xa Anh (Beat),Lê Gia Bảo,,,Xin Đừng Rời Xa Anh (Beat) Lê Gia Bảo
2026-08-16,vn,Vietnam,top_videos_daily,,58,https://i.ytimg.com/vi/42m7T272u8I/mqdefault.jpg,Giọng hát liêu trai đầy cảm xúc với Lá Thư Đô Thị - Thúy Hà (MV),Giọng Ca Để Đời,,,Giọng hát liêu trai đầy cảm xúc với Lá Thư Đô Thị - Thúy Hà (MV) Giọng Ca Để Đời
2026-08-16,vn,Vietnam,top_videos_daily,,59,https://i.ytimg.com/vi/anhQ3fC1_hY/mqdefault.jpg,Be My Friend (The Verity Band),Horror Skunx,,,Be My Friend (The Verity Band) Horror Skunx
2026-08-16,vn,Vietnam,top_videos_daily,,60,https://i.ytimg.com/vi/GQ4F9k4USfA/mqdefault.jpg,Nước Mắt Em Lau Bằng Tình Yêu Mới,Da LAB / 發仙,,,Nước Mắt Em Lau Bằng Tình Yêu Mới Da LAB & 發仙
2026-08-16,vn,Vietnam,top_videos_daily,,61,https://i.ytimg.com/vi/yRxnnYIcX-0/mqdefault.jpg,Không Dám Nói Chia Tay - HÀ NHI x KHẮC VIỆT | Live Performance - 'WOMEN' EP,Hà Nhi,,,Không Dám Nói Chia Tay - HÀ NHI x KHẮC VIỆT | Live Performance - 'WOMEN' EP Hà Nhi
2026-08-16,vn,Vietnam,top_videos_daily,,62,https://i.ytimg.com/vi/MzElFsoJgRQ/mqdefault.jpg,"Ánh Sáng Của Đời Tôi - THÁI VG, JUN PHẠM, HOÀNG ROB, HOÀNG DŨNG | Anh Trai Vượt Ngàn Chông Gai 2026",YEAH1 MUSIC,,2026,"Ánh Sáng Của Đời Tôi - THÁI VG, JUN PHẠM, HOÀNG ROB, HOÀNG DŨNG | Anh Trai Vượt Ngàn Chông Gai 2026 YEAH1 MUSIC"
2026-08-16,vn,Vietnam,top_videos_daily,,63,https://i.ytimg.com/vi/tyM46ksZTI4/mqdefault.jpg,NỢ EM CẢ BẦU TRỜI,Da LAB / Hoàng Tôn / OSAD / Hồ Đông Quan / Hà An Huy,,,"NỢ EM CẢ BẦU TRỜI Da LAB , Hoàng Tôn , OSAD , Hồ Đông Quan & Hà An Huy"
2026-08-16,vn,Vietnam,top_videos_daily,,64,https://i.ytimg.com/vi/vVhKA9Av6vA/mqdefault.jpg,bao tiền một mớ bình yên?,Bon Nghiêm / 14 Casper,,,bao tiền một mớ bình yên? Bon Nghiêm & 14 Casper
2026-08-16,vn,Vietnam,top_videos_daily,,65,https://i.ytimg.com/vi/ApXoWvfEYVU/mqdefault.jpg,Sunflower,Post Malone / Swae Lee,,,Sunflower Post Malone & Swae Lee
2026-08-16,vn,Vietnam,top_videos_daily,,66,https://i.ytimg.com/vi/TrFr52AtoLY/mqdefault.jpg,"MRT - XUÂN ĐỊNH KY, buitruonglinh, CAPTAIN BOY, HYO | TINH HÀ SAY HI",XUÂN ĐỊNH KY,,,"MRT - XUÂN ĐỊNH KY, buitruonglinh, CAPTAIN BOY, HYO | TINH HÀ SAY HI XUÂN ĐỊNH KY"
2026-08-16,vn,Vietnam,top_videos_daily,,67,https://i.ytimg.com/vi/nx_E2XPKd-k/mqdefault.jpg,"Trước Khi Em Tồn Tại -NEKO LÊ, HUỲNH LẬP, CHENG, THÁI LÊ MINH HIẾU|Anh Trai Vượt Ngàn Chông Gai 2026",YEAH1 MUSIC,,2026,"Trước Khi Em Tồn Tại -NEKO LÊ, HUỲNH LẬP, CHENG, THÁI LÊ MINH HIẾU|Anh Trai Vượt Ngàn Chông Gai 2026 YEAH1 MUSIC"
2026-08-16,vn,Vietnam,top_videos_daily,,68,https://i.ytimg.com/vi/redFrGBZoJY/mqdefault.jpg,Sinh Ra Đã Là Thứ Đối Lập Nhau,Da LAB,,,Sinh Ra Đã Là Thứ Đối Lập Nhau Da LAB
2026-08-16,vn,Vietnam,top_videos_daily,,69,https://i.ytimg.com/vi/XLbOWqjmj4Q/mqdefault.jpg,Động Thăng Thiên,Vanh Leg,,,Động Thăng Thiên Vanh Leg
2026-08-16,vn,Vietnam,top_videos_daily,,70,https://i.ytimg.com/vi/WL11bwvAYWI/mqdefault.jpg,Ngày Mai Người Ta Lấy Chồng,Thành Đạt,,,Ngày Mai Người Ta Lấy Chồng Thành Đạt
2026-08-16,vn,Vietnam,top_videos_daily,,71,https://i.ytimg.com/vi/rDpJfmBI9xQ/mqdefault.jpg,W/n - a b c d x y z n m a s a d (song 24) | 3107,W/n,,3107,W/n - a b c d x y z n m a s a d (song 24) | 3107 W/n
2026-08-16,vn,Vietnam,top_videos_daily,,72,https://i.ytimg.com/vi/6iW3bZuKO-k/mqdefault.jpg,Tìm Em,Hngle,"6月 29, 2026",58659,"72 3 Tìm Em Hngle 6月 29, 2026 75 37 58,659"
2026-08-16,vn,Vietnam,top_videos_daily,,73,https://i.ytimg.com/vi/2YllmPaKhkY/mqdefault.jpg,Hạ Còn Vương Nắng,DatKaa,,,Hạ Còn Vương Nắng DatKaa
2026-08-16,vn,Vietnam,top_videos_daily,,74,https://i.ytimg.com/vi/Ztrj8UIDMQY/mqdefault.jpg,Bánh Mì Không,DatG Music / Du Uyên,,,Bánh Mì Không DatG Music & Du Uyên
2026-08-16,vn,Vietnam,top_videos_daily,,75,https://i.ytimg.com/vi/L5qZI5dfiws/mqdefault.jpg,CHỊ ĐẠI GẪY CÁNH 2,Dao Nguyen Anh,,,CHỊ ĐẠI GẪY CÁNH 2 Dao Nguyen Anh
2026-08-16,vn,Vietnam,top_videos_daily,,76,https://i.ytimg.com/vi/kj7FXhECpSw/mqdefault.jpg,NGƯỢC LỐI YÊU (LIVE STAGE) - VICKY NHUNG x CHU THÚY QUỲNH | LIVE AT PHÒNG TRÀ BẾN THÀNH,Vicky Nhung,,,NGƯỢC LỐI YÊU (LIVE STAGE) - VICKY NHUNG x CHU THÚY QUỲNH | LIVE AT PHÒNG TRÀ BẾN THÀNH Vicky Nhung
2026-08-16,vn,Vietnam,top_videos_daily,,77,https://i.ytimg.com/vi/LuNXhTqD2uM/mqdefault.jpg,Nhạc Remix 5in1 - Mashup 50K Nhạc Lộn Xộn ♫ Bản Mashup Toàn Nhạc Hay | Nhạc Remix Cãi Lộn Siêu Cuốn,SS Remix,,,Nhạc Remix 5in1 - Mashup 50K Nhạc Lộn Xộn ♫ Bản Mashup Toàn Nhạc Hay | Nhạc Remix Cãi Lộn Siêu Cuốn SS Remix
2026-08-16,vn,Vietnam,top_videos_daily,,78,https://i.ytimg.com/vi/L4dSipbZj8A/mqdefault.jpg,Mắt Môi Tay Chân - MCK (ft. Tage),MCK // Nger,,,Mắt Môi Tay Chân - MCK (ft. Tage) MCK // Nger
2026-08-16,vn,Vietnam,top_videos_daily,,79,https://i.ytimg.com/vi/68u69yATSD8/mqdefault.jpg,THỦY CHUNG (Remix),Thương Võ / ACV,,,THỦY CHUNG (Remix) Thương Võ & ACV
2026-08-16,vn,Vietnam,top_videos_daily,,80,https://i.ytimg.com/vi/OA8s2Gr3KEE/mqdefault.jpg,Text 07,W/n,"7月 30, 2025",52570,"80 3 Text 07 W/n 7月 30, 2025 83 16 52,570"
2026-08-16,vn,Vietnam,top_videos_daily,,81,https://i.ytimg.com/vi/MzCbEdtNbJ0/mqdefault.jpg,HARU HARU(하루하루),BIGBANG,,,HARU HARU(하루하루) BIGBANG
2026-08-16,vn,Vietnam,top_videos_daily,,82,https://i.ytimg.com/vi/mp5njDAH97w/mqdefault.jpg,MOVE ON,YEAH1 MUSIC,,,MOVE ON YEAH1 MUSIC
2026-08-16,vn,Vietnam,top_videos_daily,,83,https://i.ytimg.com/vi/A7oq-7pxzEA/mqdefault.jpg,Mãi Chẳng Thuộc Về Nhau,Bozitt,,,Mãi Chẳng Thuộc Về Nhau Bozitt
2026-08-16,vn,Vietnam,top_videos_daily,,84,https://i.ytimg.com/vi/-d3q5qYU7uY/mqdefault.jpg,CÔ ĐƠN ANH CŨNG VUI,Thể Thiên / WEAN / KIMLONG / Xuân Định K.Y / DILLAN,,,"CÔ ĐƠN ANH CŨNG VUI Thể Thiên , WEAN , KIMLONG , Xuân Định K.Y & DILLAN"
2026-08-16,vn,Vietnam,top_videos_daily,,85,https://i.ytimg.com/vi/Mbq8aqVH9pQ/mqdefault.jpg,SAU NÀY EM CƯỚI AI RỒI,Thái Học,,,SAU NÀY EM CƯỚI AI RỒI Thái Học
2026-08-16,vn,Vietnam,top_videos_daily,,86,https://i.ytimg.com/vi/SlQR9iu09bQ/mqdefault.jpg,Come My Way,山松 / Tyga,,,Come My Way 山松 & Tyga
2026-08-16,vn,Vietnam,top_videos_daily,,87,https://i.ytimg.com/vi/4sthoR6eTB4/mqdefault.jpg,MẤT LA BÀN (Live),Pháp Kiều / Thể Thiên / VƯƠNG BÌNH / Hồng Hải Đăng / TorySax,,,"MẤT LA BÀN (Live) Pháp Kiều , Thể Thiên , VƯƠNG BÌNH , Hồng Hải Đăng & TorySax"
2026-08-16,vn,Vietnam,top_videos_daily,,88,https://i.ytimg.com/vi/NPWJVZbrKm0/mqdefault.jpg,IU LÀ ĐÂY,西恩 / Muộii / Anfang,,,"IU LÀ ĐÂY 西恩 , Muộii & Anfang"
2026-08-16,vn,Vietnam,top_videos_daily,,89,https://i.ytimg.com/vi/pMUgdBS6tCA/mqdefault.jpg,Ở Hai Đầu Nỗi Nhớ,Minh Vuong M4U / Le Thuy,,,Ở Hai Đầu Nỗi Nhớ Minh Vuong M4U & Le Thuy
2026-08-16,vn,Vietnam,top_videos_daily,,90,https://i.ytimg.com/vi/fp_wLMZwkH8/mqdefault.jpg,Lá Ngọc Cành Vàng,Kiều Anh,,,Lá Ngọc Cành Vàng Kiều Anh
2026-08-16,vn,Vietnam,top_videos_daily,,91,https://i.ytimg.com/vi/O5iDDoD4ZGw/mqdefault.jpg,Đáng Ra Anh Không Nên,DatG Music / B Ray,,,Đáng Ra Anh Không Nên DatG Music & B Ray
2026-08-16,vn,Vietnam,top_videos_daily,,92,https://i.ytimg.com/vi/BedCo7KEjWU/mqdefault.jpg,mục đích là gì,Thịnh Suy,,,mục đích là gì Thịnh Suy
2026-08-16,vn,Vietnam,top_videos_daily,,93,https://i.ytimg.com/vi/hYYMF3VtOjE/mqdefault.jpg,Chạy Khỏi Thế Giới Này (Instrumental),Da LAB,,,Chạy Khỏi Thế Giới Này (Instrumental) Da LAB
2026-08-16,vn,Vietnam,top_videos_daily,,94,https://i.ytimg.com/vi/K601I5gP0_I/mqdefault.jpg,Từ em mà ra,Lil Zpoet,,,Từ em mà ra Lil Zpoet
2026-08-16,vn,Vietnam,top_videos_daily,,95,https://i.ytimg.com/vi/RlTDbIutJsU/mqdefault.jpg,cô ấy của anh ấy,Kai Đinh / Bảo Anh,,,cô ấy của anh ấy Kai Đinh & Bảo Anh
2026-08-16,vn,Vietnam,top_videos_daily,,96,https://i.ytimg.com/vi/wENlR8rFjLk/mqdefault.jpg,Dạt Vào Tim Em,YEAH1 MUSIC,,,Dạt Vào Tim Em YEAH1 MUSIC
2026-08-16,vn,Vietnam,top_videos_daily,,97,https://i.ytimg.com/vi/B-LFDYZiHAo/mqdefault.jpg,Mashup 3in1 Xin Đừng Rời Xa Anh x Anh Đã Lừa Dối Em Rồi x Mình Là Người Yêu Cũ - Mashup Remix Tiktok,Ness Remix,,,Mashup 3in1 Xin Đừng Rời Xa Anh x Anh Đã Lừa Dối Em Rồi x Mình Là Người Yêu Cũ - Mashup Remix Tiktok Ness Remix
2026-08-16,vn,Vietnam,top_videos_daily,,98,https://i.ytimg.com/vi/VH3mWd28Ndg/mqdefault.jpg,Em Mới Là Người Yêu Anh,黃毓敏,,,Em Mới Là Người Yêu Anh 黄毓敏
2026-08-16,vn,Vietnam,top_videos_daily,,99,https://i.ytimg.com/vi/gpTKc8S4ZAE/mqdefault.jpg,[Nhạc chế 16+] - NHỮNG CHỊ ĐẠI HỌC ĐƯỜNG - Hậu Hoàng ft Nhung Phương,Go By Ocean / Ryan McCaffrey,,,[Nhạc chế 16+] - NHỮNG CHỊ ĐẠI HỌC ĐƯỜNG - Hậu Hoàng ft Nhung Phương Go By Ocean / Ryan McCaffrey
2026-08-16,vn,Vietnam,top_videos_daily,,100,https://i.ytimg.com/vi/KO0CbNNvd14/mqdefault.jpg,Chờ Bao Lâu,Út Nhị Mino,,,Chờ Bao Lâu Út Nhị Mino
2026-08-16,th,Thailand,top_videos_daily,,1,https://i.ytimg.com/vi/23cipSExADA/mqdefault.jpg,เพราะพี่รักจริง,หนึ่ง บีเคแบนด์,,,เพราะพี่รักจริง หนึ่ง บีเคแบนด์
2026-08-16,th,Thailand,top_videos_daily,,2,https://i.ytimg.com/vi/C40oligg6xE/mqdefault.jpg,นาฬิกาทราย (sign),BOWKYLION,,,นาฬิกาทราย (sign) BOWKYLION
2026-08-16,th,Thailand,top_videos_daily,,3,https://i.ytimg.com/vi/Hc4OrO4LRWw/mqdefault.jpg,กลัวว่าฉันจะไม่เสียใจ,PURPEECH,,,กลัวว่าฉันจะไม่เสียใจ PURPEECH
2026-08-16,th,Thailand,top_videos_daily,,4,https://i.ytimg.com/vi/E-xqEPPyciw/mqdefault.jpg,ทิ้งกันไม่ได้หรอก - แจ๊ส สปุ๊กนิค ปาปิยอง กุ๊กกุ๊ก [JSPKK] ft.เกมส์ สุจิตรา | Official MV,JSPKK,,,ทิ้งกันไม่ได้หรอก - แจ๊ส สปุ๊กนิค ปาปิยอง กุ๊กกุ๊ก [JSPKK] ft.เกมส์ สุจิตรา | Official MV JSPKK
2026-08-16,th,Thailand,top_videos_daily,,5,https://i.ytimg.com/vi/5ySwsjh7SLQ/mqdefault.jpg,Keun Jai (3am call),Mirrr,,,Keun Jai (3am call) Mirrr
2026-08-16,th,Thailand,top_videos_daily,,6,https://i.ytimg.com/vi/HTjkVCSsKv8/mqdefault.jpg,เมื่อไหร่จะมี (มีใจให้กัน),BLVCKHEART,,,เมื่อไหร่จะมี (มีใจให้กัน) BLVCKHEART
2026-08-16,th,Thailand,top_videos_daily,,7,https://i.ytimg.com/vi/TiJn3_IY9Kk/mqdefault.jpg,BOWKYLION x โจอี้ ภูวศิษฐ์ - นาฬิกาทราย (sign) [SPECIAL VERSION],Whattheduck,,,BOWKYLION x โจอี้ ภูวศิษฐ์ - นาฬิกาทราย (sign) [SPECIAL VERSION] Whattheduck
2026-08-16,th,Thailand,top_videos_daily,,8,https://i.ytimg.com/vi/UZKZclgeRTg/mqdefault.jpg,พอได้เสียว - ดิด คิตตี้ | Official MV,ดิด คิตตี้,,,พอได้เสียว - ดิด คิตตี้ | Official MV ดิด คิตตี้
2026-08-16,th,Thailand,top_videos_daily,,9,https://i.ytimg.com/vi/zMciAtU4miE/mqdefault.jpg,บ่มีสิทธิ์ - ธีร์ ทีเร็กซ์ x หยุด สาละวัน : เซิ้ง|Music 【Official MV】,SERNG MUSiC OFFICIAL,,,บ่มีสิทธิ์ - ธีร์ ทีเร็กซ์ x หยุด สาละวัน : เซิ้ง|Music 【Official MV】 SERNG MUSiC OFFICIAL
2026-08-16,th,Thailand,top_videos_daily,,10,https://i.ytimg.com/vi/vxHVQtJj2uQ/mqdefault.jpg,สาธุ,ASIA7,"11月 25, 2025",339851,"10 1 สาธุ ASIA7 11月 25, 2025 9 111 339,851"
2026-08-16,th,Thailand,top_videos_daily,,11,https://i.ytimg.com/vi/70oRsDKJWiY/mqdefault.jpg,ฟ้าสีครามกับความเป็นจริง,BOVINI,,,ฟ้าสีครามกับความเป็นจริง BOVINI
2026-08-16,th,Thailand,top_videos_daily,,12,https://i.ytimg.com/vi/j7GbNWS7XUQ/mqdefault.jpg,Rain Zone,Maiyarap,,,Rain Zone Maiyarap
2026-08-16,th,Thailand,top_videos_daily,,13,https://i.ytimg.com/vi/Ndh4rP1F6g8/mqdefault.jpg,ความคิดถึงที่เต็มไปด้วยน้ำตา,โชเล่ย์ ชคัทพล,,,ความคิดถึงที่เต็มไปด้วยน้ำตา โชเล่ย์ ชคัทพล
2026-08-16,th,Thailand,top_videos_daily,,14,https://i.ytimg.com/vi/6qWq0KEvbYA/mqdefault.jpg,ถ้าเธอพร้อมที่จะรัก - หนึ่ง บีเคแบนด์ [OFFICIAL MV],หนึ่ง บีเคแบนด์,,,ถ้าเธอพร้อมที่จะรัก - หนึ่ง บีเคแบนด์ [OFFICIAL MV] หนึ่ง บีเคแบนด์
2026-08-16,th,Thailand,top_videos_daily,,15,https://i.ytimg.com/vi/_X4p4oPlGLU/mqdefault.jpg,ขี้แง (Boys Don't Cry),PROXIE,,,ขี้แง (Boys Don't Cry) PROXIE
2026-08-16,th,Thailand,top_videos_daily,,16,https://i.ytimg.com/vi/JbpfEQXuXc4/mqdefault.jpg,เต้ยสั่งลา,ธีร์ ทีเร็กซ์ OFFICIAL,,,เต้ยสั่งลา ธีร์ ทีเร็กซ์ OFFICIAL
2026-08-16,th,Thailand,top_videos_daily,,17,https://i.ytimg.com/vi/hBK29bbOLS4/mqdefault.jpg,แก้บน,ก้านตอง ทุ่งเงิน,,,แก้บน ก้านตอง ทุ่งเงิน
2026-08-16,th,Thailand,top_videos_daily,,18,https://i.ytimg.com/vi/34wnf8276O4/mqdefault.jpg,ภวังค์จิต,ปราง ปรางทิพย์,,,ภวังค์จิต ปราง ปรางทิพย์
2026-08-16,th,Thailand,top_videos_daily,,19,https://i.ytimg.com/vi/1OMZrYHIim8/mqdefault.jpg,รักให้เธอได้รู้ (Proof.),PUN,,,รักให้เธอได้รู้ (Proof.) PUN
2026-08-16,th,Thailand,top_videos_daily,,20,https://i.ytimg.com/vi/_4Pns0KNxzk/mqdefault.jpg,หม้อหุงข้าว,โจอี้ ภูวศิษฐ์,,,หม้อหุงข้าว โจอี้ ภูวศิษฐ์
2026-08-16,th,Thailand,top_videos_daily,,21,https://i.ytimg.com/vi/0iXj7Zkb3Ik/mqdefault.jpg,แคนฮ้างนางฟ้า,กู่แคน,,,แคนฮ้างนางฟ้า กู่แคน
2026-08-16,th,Thailand,top_videos_daily,,22,https://i.ytimg.com/vi/yTxEWswuPPg/mqdefault.jpg,ไม่มีใครรู้ตัวเรา,UNHEARD MUSIC,,,ไม่มีใครรู้ตัวเรา UNHEARD MUSIC
2026-08-16,th,Thailand,top_videos_daily,,23,https://i.ytimg.com/vi/ApXoWvfEYVU/mqdefault.jpg,Sunflower,Post Malone / Swae Lee,,,Sunflower Post Malone & Swae Lee
2026-08-16,th,Thailand,top_videos_daily,,24,https://i.ytimg.com/vi/-YByeE5aVc0/mqdefault.jpg,ได้แค่เดินมาส่ง (The Last Walk),Gavin D,,,ได้แค่เดินมาส่ง (The Last Walk) Gavin D
2026-08-16,th,Thailand,top_videos_daily,,25,https://i.ytimg.com/vi/D8T1EpbICsc/mqdefault.jpg,จิ้งจก ตุ๊กแก อึ่งอ่าง,เพ้นท์ คอนเน่,,,จิ้งจก ตุ๊กแก อึ่งอ่าง เพ้นท์ คอนเน่
2026-08-16,th,Thailand,top_videos_daily,,26,https://i.ytimg.com/vi/rPzC1o8E4t0/mqdefault.jpg,สลักจิต,Pop Pongkool,,,สลักจิต Pop Pongkool
2026-08-16,th,Thailand,top_videos_daily,,27,https://i.ytimg.com/vi/HZQyJHpo-ag/mqdefault.jpg,Lhob Mai Dai Chuay Hai Luem,普提蓬·阿薩拉塔納功 / Ink Waruntorn,,,Lhob Mai Dai Chuay Hai Luem 普提蓬·阿薩拉塔納功 & Ink Waruntorn
2026-08-16,th,Thailand,top_videos_daily,,28,https://i.ytimg.com/vi/I_xP8FhO2Zo/mqdefault.jpg,คิดถึงเรื้อรัง,manutsawee,,,คิดถึงเรื้อรัง manutsawee
2026-08-16,th,Thailand,top_videos_daily,,29,https://i.ytimg.com/vi/Ng_4m5A-3XQ/mqdefault.jpg,เมื่อถูกค้นพบ (Finally She Found.),FREEHAND,,,เมื่อถูกค้นพบ (Finally She Found.) FREEHAND
2026-08-16,th,Thailand,top_videos_daily,,30,https://i.ytimg.com/vi/ypuzo5V2gQI/mqdefault.jpg,ลูกสบายดี,Kong Huayrai / ฐา ขนิษ,,,ลูกสบายดี Kong Huayrai & ฐา ขนิษ
2026-08-16,th,Thailand,top_videos_daily,,31,https://i.ytimg.com/vi/P8SgCNmM7Z8/mqdefault.jpg,เด็กมูกล่อ,พ็อก บิ๊กอายส์ / บอล วงกลม,,,เด็กมูกล่อ พ็อก บิ๊กอายส์ & บอล วงกลม
2026-08-16,th,Thailand,top_videos_daily,,32,https://i.ytimg.com/vi/QaPxz1I2nto/mqdefault.jpg,หลุมอากาศ,Palmy,"6月 17, 2026",175246,"32 3 หลุมอากาศ Palmy 6月 17, 2026 29 59 175,246"
2026-08-16,th,Thailand,top_videos_daily,,33,https://i.ytimg.com/vi/7ob-uFHQkuU/mqdefault.jpg,ก่อนโลกทั้งใบมันพัง,Mr'พระจันทร์,,,ก่อนโลกทั้งใบมันพัง Mr'พระจันทร์
2026-08-16,th,Thailand,top_videos_daily,,34,https://i.ytimg.com/vi/xhqHSRwKw3Q/mqdefault.jpg,เหลือใจให้ฉันบ้างไหม,MUNMUSIC,,,เหลือใจให้ฉันบ้างไหม MUNMUSIC
2026-08-16,th,Thailand,top_videos_daily,,35,https://i.ytimg.com/vi/WE3in6xs1iw/mqdefault.jpg,อ่วยคืน,ธีร์ ทีเร็กซ์ OFFICIAL,,,อ่วยคืน ธีร์ ทีเร็กซ์ OFFICIAL
2026-08-16,th,Thailand,top_videos_daily,,36,https://i.ytimg.com/vi/99jJP3DgdBQ/mqdefault.jpg,ขอแค่นี้ (Forever n ever),PUN,,,ขอแค่นี้ (Forever n ever) PUN
2026-08-16,th,Thailand,top_videos_daily,,37,https://i.ytimg.com/vi/IWCCEwIFtuo/mqdefault.jpg,บุญผลาบ่ฮอด,อ้ายแมน ภิสิทธิ์พงษ์,,,บุญผลาบ่ฮอด อ้ายแมน ภิสิทธิ์พงษ์
2026-08-16,th,Thailand,top_videos_daily,,38,https://i.ytimg.com/vi/PJ1D_jdZiso/mqdefault.jpg,คนถูกของ,เมนทอล,"3月 12, 2026",162876,"38 1 คนถูกของ เมนทอล 3月 12, 2026 39 111 162,876"
2026-08-16,th,Thailand,top_videos_daily,,39,https://i.ytimg.com/vi/O90WsctfY4Y/mqdefault.jpg,Sunset in Pattaya,YOUNGOHM,,,Sunset in Pattaya YOUNGOHM
2026-08-16,th,Thailand,top_videos_daily,,40,https://i.ytimg.com/vi/HKBifVrELZI/mqdefault.jpg,ไม่คิดนอกใจ,Loso,,,ไม่คิดนอกใจ Loso
2026-08-16,th,Thailand,top_videos_daily,,41,https://i.ytimg.com/vi/H2AbuWvYDXk/mqdefault.jpg,สิลืมเขาแล้วล่ะ,Nek Narurpol,,,สิลืมเขาแล้วล่ะ Nek Narurpol
2026-08-16,th,Thailand,top_videos_daily,,42,https://i.ytimg.com/vi/Gy-MZjiFv2M/mqdefault.jpg,ดอกกระเจียวบาน,Kong Huayrai,,,ดอกกระเจียวบาน Kong Huayrai
2026-08-16,th,Thailand,top_videos_daily,,43,https://i.ytimg.com/vi/G2JFOEFmnnI/mqdefault.jpg,คืนจันทร์,Loso,"11月 6, 2014",154021,"43 2 คืนจันทร์ Loso 11月 6, 2014 41 92 154,021"
2026-08-16,th,Thailand,top_videos_daily,,44,https://i.ytimg.com/vi/JeHnrF61J80/mqdefault.jpg,ถอนคำสาบาน,อะตอม ตาปีมิวสิคกรุ๊ป,,,ถอนคำสาบาน อะตอม ตาปีมิวสิคกรุ๊ป
2026-08-16,th,Thailand,top_videos_daily,,45,https://i.ytimg.com/vi/grrF03UISJ0/mqdefault.jpg,ขอให้เธอมีสุข,หนึ่ง บีเคแบนด์,,,ขอให้เธอมีสุข หนึ่ง บีเคแบนด์
2026-08-16,th,Thailand,top_videos_daily,,46,https://i.ytimg.com/vi/FbrH6dDPERI/mqdefault.jpg,ดาวตก,WANYAi,"10月 1, 2025",139067,"46 1 ดาวตก WANYAi 10月 1, 2025 45 108 139,067"
2026-08-16,th,Thailand,top_videos_daily,,47,https://i.ytimg.com/vi/98LzldwNu4I/mqdefault.jpg,สิทธิ์ของเจ้า,埋代•話摘星,,,สิทธิ์ของเจ้า 埋代•話摘星
2026-08-16,th,Thailand,top_videos_daily,,48,https://i.ytimg.com/vi/5_yI8UQaHnU/mqdefault.jpg,ผมมีหัวใจจริงๆ (For The Girl...),T!NE,,,ผมมีหัวใจจริงๆ (For The Girl...) T!NE
2026-08-16,th,Thailand,top_videos_daily,,49,https://i.ytimg.com/vi/Q-Wn9NgiLrI/mqdefault.jpg,ตามใจ (Live Session),fellow fellow,,,ตามใจ (Live Session) fellow fellow
2026-08-16,th,Thailand,top_videos_daily,,50,https://i.ytimg.com/vi/AyfZesBO4Vk/mqdefault.jpg,ไม่มีวันไหนที่ไม่คิดถึง (starlost.),PURPEECH,,,ไม่มีวันไหนที่ไม่คิดถึง (starlost.) PURPEECH
2026-08-16,th,Thailand,top_videos_daily,,51,https://i.ytimg.com/vi/w6M2ZwjFgAg/mqdefault.jpg,ปริญญาไก่ตี,เม้ก อภิสิทธิ์,,,ปริญญาไก่ตี เม้ก อภิสิทธิ์
2026-08-16,th,Thailand,top_videos_daily,,52,https://i.ytimg.com/vi/j1qw79H4eHU/mqdefault.jpg,สายไป,9tokyo,"5月 24, 2025",134981,"52 3 สายไป 9tokyo 5月 24, 2025 49 28 134,981"
2026-08-16,th,Thailand,top_videos_daily,,53,https://i.ytimg.com/vi/OW9faXovWto/mqdefault.jpg,สาหัส,Loso,"7月 22, 2016",133107,"53 1 สาหัส Loso 7月 22, 2016 54 51 133,107"
2026-08-16,th,Thailand,top_videos_daily,,54,https://i.ytimg.com/vi/HBOz7XiKl-s/mqdefault.jpg,รักรออยู่ไม่ไกล (wind),PURPEECH,,,รักรออยู่ไม่ไกล (wind) PURPEECH
2026-08-16,th,Thailand,top_videos_daily,,55,https://i.ytimg.com/vi/TzlkpPS16X4/mqdefault.jpg,ถ้าเธอมองที่หัวใจ,หนึ่ง บีเคแบนด์,,,ถ้าเธอมองที่หัวใจ หนึ่ง บีเคแบนด์
2026-08-16,th,Thailand,top_videos_daily,,56,https://i.ytimg.com/vi/AZ_t9iAJRDw/mqdefault.jpg,ดึงดัน,COCKTAIL / Tuk Siriporn,,,ดึงดัน COCKTAIL & Tuk Siriporn
2026-08-16,th,Thailand,top_videos_daily,,57,https://i.ytimg.com/vi/l5ur0v0lyrs/mqdefault.jpg,จำนน (White Flag),NONT TANONT,,,จำนน (White Flag) NONT TANONT
2026-08-16,th,Thailand,top_videos_daily,,58,https://i.ytimg.com/vi/YSnzYqtlDYQ/mqdefault.jpg,เขาดีหลายอ้ายยอมเลว,เคย์ ต้นน้ำชี,,,เขาดีหลายอ้ายยอมเลว เคย์ ต้นน้ำชี
2026-08-16,th,Thailand,top_videos_daily,,59,https://i.ytimg.com/vi/-q_S27LbNKU/mqdefault.jpg,BAD,ATEEZ,"6月 25, 2026",119771,"59 1 BAD ATEEZ 6月 25, 2026 58 42 119,771"
2026-08-16,th,Thailand,top_videos_daily,,60,https://i.ytimg.com/vi/Mrax5_z07Y0/mqdefault.jpg,ดาวหางฮัลเลย์,fellow fellow,,,ดาวหางฮัลเลย์ fellow fellow
2026-08-16,th,Thailand,top_videos_daily,,61,https://i.ytimg.com/vi/RSkWs-cYUp8/mqdefault.jpg,วันนี้ปีที่แล้ว,MEYOU,,,วันนี้ปีที่แล้ว MEYOU
2026-08-16,th,Thailand,top_videos_daily,,62,https://i.ytimg.com/vi/6JbqGuX3yOo/mqdefault.jpg,ไม่ได้ลืมแค่ไม่ได้เจอ (Live),guncharlie / PURPEECH,,,ไม่ได้ลืมแค่ไม่ได้เจอ (Live) guncharlie & PURPEECH
2026-08-16,th,Thailand,top_videos_daily,,63,https://i.ytimg.com/vi/vjCO0DDGFio/mqdefault.jpg,รักไม่ไหวแล้วโว้ย - โจอี้ ภูวศิษฐ์ (JOEY PHUWASIT)「Official MV」,JOEY PHUWASIT,,,รักไม่ไหวแล้วโว้ย - โจอี้ ภูวศิษฐ์ (JOEY PHUWASIT)「Official MV」 JOEY PHUWASIT
2026-08-16,th,Thailand,top_videos_daily,,64,https://i.ytimg.com/vi/zECdjYo5nH8/mqdefault.jpg,ถ้าอ้ายบ่ฮัก,ก้านตอง ทุ่งเงิน,,,ถ้าอ้ายบ่ฮัก ก้านตอง ทุ่งเงิน
2026-08-16,th,Thailand,top_videos_daily,,65,https://i.ytimg.com/vi/jlD2k41BGVk/mqdefault.jpg,รู้กันแค่นี้ (mint),BOWKYLION,,,รู้กันแค่นี้ (mint) BOWKYLION
2026-08-16,th,Thailand,top_videos_daily,,66,https://i.ytimg.com/vi/PLJ0C7w4ka8/mqdefault.jpg,ความคิดถึงที่เต็มไปด้วยน้ำตา,โชเล่ย์ ชคัทพล / NOT'TOY,,,ความคิดถึงที่เต็มไปด้วยน้ำตา โชเล่ย์ ชคัทพล & NOT'TOY
2026-08-16,th,Thailand,top_videos_daily,,67,https://i.ytimg.com/vi/NziqtvQ4aV4/mqdefault.jpg,เมืองหลวงใจร้าย,นิว พงศกร,,,เมืองหลวงใจร้าย นิว พงศกร
2026-08-16,th,Thailand,top_videos_daily,,68,https://i.ytimg.com/vi/Q9MsKajCU3M/mqdefault.jpg,อมพระมาพูด,賽桑・蘇品麥,,,อมพระมาพูด 賽桑・蘇品麥
2026-08-16,th,Thailand,top_videos_daily,,69,https://i.ytimg.com/vi/19A-4ktRX_Q/mqdefault.jpg,ซามสิพ้อ,Vieng Naruemon / 蒙肯·根坤,,,ซามสิพ้อ Vieng Naruemon & 蒙肯·根坤
2026-08-16,th,Thailand,top_videos_daily,,70,https://i.ytimg.com/vi/QRECXclc_Qs/mqdefault.jpg,หายใจแล้วไปต่อ,Labanoon / NUM KALA,,,หายใจแล้วไปต่อ Labanoon & NUM KALA
2026-08-16,th,Thailand,top_videos_daily,,71,https://i.ytimg.com/vi/EXhrAhqmYf4/mqdefault.jpg,ดวงเดือน,โจอี้ ภูวศิษฐ์,,,ดวงเดือน โจอี้ ภูวศิษฐ์
2026-08-16,th,Thailand,top_videos_daily,,72,https://i.ytimg.com/vi/Q5SEFSLTYMc/mqdefault.jpg,จำบ่เป็น,ธีร์ ทีเร็กซ์ OFFICIAL,,,จำบ่เป็น ธีร์ ทีเร็กซ์ OFFICIAL
2026-08-16,th,Thailand,top_videos_daily,,73,https://i.ytimg.com/vi/tDF_7PgHc70/mqdefault.jpg,ที่ที่ปลอดภัย,Yes'sir days,,,ที่ที่ปลอดภัย Yes'sir days
2026-08-16,th,Thailand,top_videos_daily,,74,https://i.ytimg.com/vi/KqCIa0GuzUM/mqdefault.jpg,pee kong mai chop pom rok Feat.VARINZ,PONchet,,,pee kong mai chop pom rok Feat.VARINZ PONchet
2026-08-16,th,Thailand,top_videos_daily,,75,https://i.ytimg.com/vi/Xn_LEDFMdX8/mqdefault.jpg,Baddie,IRONBOY,"6月 18, 2026",99281,"75 4 Baddie IRONBOY 6月 18, 2026 71 57 99,281"
2026-08-16,th,Thailand,top_videos_daily,,76,https://i.ytimg.com/vi/82-jTNka3uc/mqdefault.jpg,hate that i made you love me,Ariana Grande,,,hate that i made you love me Ariana Grande
2026-08-16,th,Thailand,top_videos_daily,,77,https://i.ytimg.com/vi/zivpBXVprMI/mqdefault.jpg,กำแพงหัวใจ,Mirrr,,,กำแพงหัวใจ Mirrr
2026-08-16,th,Thailand,top_videos_daily,,78,https://i.ytimg.com/vi/JhwD08bjfus/mqdefault.jpg,เอิ้นเธอว่าความฮัก,แอ้ม ชลธิชา,,,เอิ้นเธอว่าความฮัก แอ้ม ชลธิชา
2026-08-16,th,Thailand,top_videos_daily,,79,https://i.ytimg.com/vi/a1wW0AjQCI8/mqdefault.jpg,นะหน้าทอง,โจอี้ ภูวศิษฐ์,,,นะหน้าทอง โจอี้ ภูวศิษฐ์
2026-08-16,th,Thailand,top_videos_daily,,80,https://i.ytimg.com/vi/-YOiOhpTb3A/mqdefault.jpg,STORY,P6ICK,"4月 6, 2026",90187,"80 2 STORY P6ICK 4月 6, 2026 82 111 90,187"
2026-08-16,th,Thailand,top_videos_daily,,81,https://i.ytimg.com/vi/9Ic6PWwTU8g/mqdefault.jpg,ให้นานกว่าที่เคย (Collab Version),派·蓬沙吞 / KLEAR,,,ให้นานกว่าที่เคย (Collab Version) 派·蓬沙吞 & KLEAR
2026-08-16,th,Thailand,top_videos_daily,,82,https://i.ytimg.com/vi/nNvPtGewa_k/mqdefault.jpg,ความรักทำให้คนตาบอด,Bodyslam,,,ความรักทำให้คนตาบอด Bodyslam
2026-08-16,th,Thailand,top_videos_daily,,83,https://i.ytimg.com/vi/7gAj3OVGoP8/mqdefault.jpg,NuNew - คาตา (KATA) Feat. BOWKYLION | Official MV,NuNew,,,NuNew - คาตา (KATA) Feat. BOWKYLION | Official MV NuNew
2026-08-16,th,Thailand,top_videos_daily,,84,https://i.ytimg.com/vi/P6sqbp6LpKY/mqdefault.jpg,รักที่พอดี (enough),fellow fellow,,,รักที่พอดี (enough) fellow fellow
2026-08-16,th,Thailand,top_videos_daily,,85,https://i.ytimg.com/vi/-NSwe-XikGI/mqdefault.jpg,คืนสิทธิ์,บุ๊ค ศุภกาญจน์,,,คืนสิทธิ์ บุ๊ค ศุภกาญจน์
2026-08-16,th,Thailand,top_videos_daily,,86,https://i.ytimg.com/vi/x1yYLrWJwkk/mqdefault.jpg,เมื่อถูกค้นพบ (Finally She Found.),FREEHAND,,,เมื่อถูกค้นพบ (Finally She Found.) FREEHAND
2026-08-16,th,Thailand,top_videos_daily,,87,https://i.ytimg.com/vi/gOnOMTyi89w/mqdefault.jpg,คนคนนึง,The White Hair Cut,,,คนคนนึง The White Hair Cut
2026-08-16,th,Thailand,top_videos_daily,,88,https://i.ytimg.com/vi/DXvtelMvUy8/mqdefault.jpg,ทำใจไม่ได้,Z9,"4月 29, 2026",82310,"88 ● ทำใจไม่ได้ Z9 4月 29, 2026 88 105 82,310"
2026-08-16,th,Thailand,top_videos_daily,,89,https://i.ytimg.com/vi/ulsXRXwk3Iw/mqdefault.jpg,ขอตายในอ้อมกอดเธอ,賽桑・蘇品麥,,,ขอตายในอ้อมกอดเธอ 賽桑・蘇品麥
2026-08-16,th,Thailand,top_videos_daily,,90,https://i.ytimg.com/vi/LiDA3UMHKmY/mqdefault.jpg,ใช้ฉันทำไม (Stand-in),Proo Thunwa,,,ใช้ฉันทำไม (Stand-in) Proo Thunwa
2026-08-16,th,Thailand,top_videos_daily,,91,https://i.ytimg.com/vi/MD2xgAvyhpo/mqdefault.jpg,พี่ชอบหนูที่สุดเลย,PONchet,,,พี่ชอบหนูที่สุดเลย PONchet
2026-08-16,th,Thailand,top_videos_daily,,92,https://i.ytimg.com/vi/dytvU-Z-H1k/mqdefault.jpg,Mai Yak Fung,Serious Bacon,,,Mai Yak Fung Serious Bacon
2026-08-16,th,Thailand,top_videos_daily,,93,https://i.ytimg.com/vi/PCDYbzbYP4w/mqdefault.jpg,Perfect,PUN,"7月 17, 2025",79873,"93 93 Perfect PUN 7月 17, 2025 - 10 79,873"
2026-08-16,th,Thailand,top_videos_daily,,94,https://i.ytimg.com/vi/wcvuL6-lGhI/mqdefault.jpg,PORZAX - เธอทีละสองฉันทีละคน,PORZAX,,,PORZAX - เธอทีละสองฉันทีละคน PORZAX
2026-08-16,th,Thailand,top_videos_daily,,95,https://i.ytimg.com/vi/UsnIyScLe-s/mqdefault.jpg,ช่างมัน,COCKTAIL,,,ช่างมัน COCKTAIL
2026-08-16,th,Thailand,top_videos_daily,,96,https://i.ytimg.com/vi/CzAeuyOI1Gk/mqdefault.jpg,ความคิดถึงที่ส่งไปไม่ถึง,Paper Planes,,,ความคิดถึงที่ส่งไปไม่ถึง Paper Planes
2026-08-16,th,Thailand,top_videos_daily,,97,https://i.ytimg.com/vi/7TVdbOakiRo/mqdefault.jpg,คนที่ถูกรัก,Bodyslam,,,คนที่ถูกรัก Bodyslam
2026-08-16,th,Thailand,top_videos_daily,,98,https://i.ytimg.com/vi/BcOlMcpvYRI/mqdefault.jpg,เหงา คิดถึง รอ,賽桑・蘇品麥,,,เหงา คิดถึง รอ 賽桑・蘇品麥
2026-08-16,th,Thailand,top_videos_daily,,99,https://i.ytimg.com/vi/DWJkFq9lZ_8/mqdefault.jpg,Mai Yom Tad Jai,賽桑・蘇品麥,,,Mai Yom Tad Jai 賽桑・蘇品麥
2026-08-16,th,Thailand,top_videos_daily,,100,https://i.ytimg.com/vi/qFs5GirC05c/mqdefault.jpg,ตัวสำรอง,Bedroom Audio,,,ตัวสำรอง Bedroom Audio
2026-08-16,id,Indonesia,top_videos_daily,,1,https://i.ytimg.com/vi/RO75uUZiAw0/mqdefault.jpg,Teh Hijau,圖魯斯,"6月 29, 2026",917214,"1 ● Teh Hijau 圖魯斯 6月 29, 2026 1 42 917,214"
2026-08-16,id,Indonesia,top_videos_daily,,2,https://i.ytimg.com/vi/Nskf70DMR60/mqdefault.jpg,Sesi Potret,eńau,,,Sesi Potret eńau
2026-08-16,id,Indonesia,top_videos_daily,,3,https://i.ytimg.com/vi/awWKxGftWh4/mqdefault.jpg,Dunia Yang Nanti,Raim Laode,,,Dunia Yang Nanti Raim Laode
2026-08-16,id,Indonesia,top_videos_daily,,4,https://i.ytimg.com/vi/K-7olbaOelg/mqdefault.jpg,MMG (My Mine Gueh),Naykilla,,,MMG (My Mine Gueh) Naykilla
2026-08-16,id,Indonesia,top_videos_daily,,5,https://i.ytimg.com/vi/F0d8JJUNkqo/mqdefault.jpg,Tabola Bale,SILET OPEN UP / Jacson Zeran / Juan Reza / Diva Aurel,,,"Tabola Bale SILET OPEN UP , Jacson Zeran , Juan Reza & Diva Aurel"
2026-08-16,id,Indonesia,top_videos_daily,,6,https://i.ytimg.com/vi/38_bAaFI41w/mqdefault.jpg,Don't Force Your Longing,Ifan Seventeen,,,Don't Force Your Longing Ifan Seventeen
2026-08-16,id,Indonesia,top_videos_daily,,7,https://i.ytimg.com/vi/0SbnqsQInqE/mqdefault.jpg,MUTIARA,Ipank / Kintani,,,MUTIARA Ipank & Kintani
2026-08-16,id,Indonesia,top_videos_daily,,8,https://i.ytimg.com/vi/M7oZR-MTEZs/mqdefault.jpg,Iqro',Raim Laode,,,Iqro' Raim Laode
2026-08-16,id,Indonesia,top_videos_daily,,9,https://i.ytimg.com/vi/mJE0ROBWPvY/mqdefault.jpg,Lesung Pipi,Raim Laode,,,Lesung Pipi Raim Laode
2026-08-16,id,Indonesia,top_videos_daily,,10,https://i.ytimg.com/vi/2uJut6USftQ/mqdefault.jpg,Jatuh Suka,圖魯斯,"3月 2, 2022",360369,"10 ● Jatuh Suka 圖魯斯 3月 2, 2022 10 242 360,369"
2026-08-16,id,Indonesia,top_videos_daily,,11,https://i.ytimg.com/vi/qQDaxjLReck/mqdefault.jpg,Ini Abadi,Perunggu,,,Ini Abadi Perunggu
2026-08-16,id,Indonesia,top_videos_daily,,12,https://i.ytimg.com/vi/0VOhIR3bnXY/mqdefault.jpg,ORANG BARU LEBE GACOR,Ecko Show / Juan Reza / CHESYLINO,,,"ORANG BARU LEBE GACOR Ecko Show , Juan Reza & CHESYLINO"
2026-08-16,id,Indonesia,top_videos_daily,,13,https://i.ytimg.com/vi/OT5msu-dap8/mqdefault.jpg,Shape Of My Heart,Backstreet Boys,,,Shape Of My Heart Backstreet Boys
2026-08-16,id,Indonesia,top_videos_daily,,14,https://i.ytimg.com/vi/WZYUSaHlGlk/mqdefault.jpg,NEGORO ANGIN,Denny Caknan,,,NEGORO ANGIN Denny Caknan
2026-08-16,id,Indonesia,top_videos_daily,,15,https://i.ytimg.com/vi/OQNu-iB2tE8/mqdefault.jpg,Titik Nadir,Kahitna / Monita Tahalea,,,Titik Nadir Kahitna & Monita Tahalea
2026-08-16,id,Indonesia,top_videos_daily,,16,https://i.ytimg.com/vi/chl0R8C4NJ8/mqdefault.jpg,Hearts2Hearts 하츠투하츠 'ICONIC HEART' MV,Hearts2Hearts,,,Hearts2Hearts 하츠투하츠 'ICONIC HEART' MV Hearts2Hearts
2026-08-16,id,Indonesia,top_videos_daily,,17,https://i.ytimg.com/vi/yIPX-FNJ9qk/mqdefault.jpg,Sedia Aku Sebelum Hujan,Idgitaf,,,Sedia Aku Sebelum Hujan Idgitaf
2026-08-16,id,Indonesia,top_videos_daily,,18,https://i.ytimg.com/vi/_e9xhF69kFs/mqdefault.jpg,Negoro Angin,Silvy Kumalasari,,,Negoro Angin Silvy Kumalasari
2026-08-16,id,Indonesia,top_videos_daily,,19,https://i.ytimg.com/vi/tAbHxboRGoU/mqdefault.jpg,AMBON MANISE,Toton Caribo,,,AMBON MANISE Toton Caribo
2026-08-16,id,Indonesia,top_videos_daily,,20,https://i.ytimg.com/vi/jmvX6XyvCy0/mqdefault.jpg,Bersenja Gurau,Raim Laode,,,Bersenja Gurau Raim Laode
2026-08-16,id,Indonesia,top_videos_daily,,21,https://i.ytimg.com/vi/V6cQ4LyvOgg/mqdefault.jpg,1000X,Ghea Indrawari,,1000,1000X Ghea Indrawari
2026-08-16,id,Indonesia,top_videos_daily,,22,https://i.ytimg.com/vi/OErndIcI8gE/mqdefault.jpg,Alamak,Rizky Febian / Adrian Khalif,,,Alamak Rizky Febian & Adrian Khalif
2026-08-16,id,Indonesia,top_videos_daily,,23,https://i.ytimg.com/vi/ba-XAIskH_g/mqdefault.jpg,Lantas,Juicy Luicy,,,Lantas Juicy Luicy
2026-08-16,id,Indonesia,top_videos_daily,,24,https://i.ytimg.com/vi/cmICctnAWCY/mqdefault.jpg,kota ini tak sama tanpamu,Nadhif Basalamah,,,kota ini tak sama tanpamu Nadhif Basalamah
2026-08-16,id,Indonesia,top_videos_daily,,25,https://i.ytimg.com/vi/grp6FCnioMM/mqdefault.jpg,kota ini tak sama tanpamu,Nadhif Basalamah,,,kota ini tak sama tanpamu Nadhif Basalamah
2026-08-16,id,Indonesia,top_videos_daily,,26,https://i.ytimg.com/vi/An0vA4ZLqkk/mqdefault.jpg,Hearts2Hearts 하츠투하츠 'ICONIC HEART' Dance Practice,Hearts2Hearts,,,Hearts2Hearts 하츠투하츠 'ICONIC HEART' Dance Practice Hearts2Hearts
2026-08-16,id,Indonesia,top_videos_daily,,27,https://i.ytimg.com/vi/1WeCPL58Ijg/mqdefault.jpg,ANGEL 2 (Live),Ajeng Febria,,,ANGEL 2 (Live) Ajeng Febria
2026-08-16,id,Indonesia,top_videos_daily,,28,https://i.ytimg.com/vi/NOiQfCVjAsQ/mqdefault.jpg,MUTIARA (Live),Laila Ayu / Irwan D'Academy / SIMPATIK MUSIC,,,"MUTIARA (Live) Laila Ayu , Irwan D'Academy & SIMPATIK MUSIC"
2026-08-16,id,Indonesia,top_videos_daily,,29,https://i.ytimg.com/vi/o0tVo09Rjyw/mqdefault.jpg,Salah Apa,Ipank,"2月 8, 2026",171256,"29 7 Salah Apa Ipank 2月 8, 2026 36 70 171,256"
2026-08-16,id,Indonesia,top_videos_daily,,30,https://i.ytimg.com/vi/cUnYmncAvP4/mqdefault.jpg,33x,Perunggu,"3月 10, 2022",170602,"30 2 33x Perunggu 3月 10, 2022 32 295 170,602"
2026-08-16,id,Indonesia,top_videos_daily,,31,https://i.ytimg.com/vi/cQLbKBu9vlY/mqdefault.jpg,Bukan Ku Tak Sudi,Iklim,,,Bukan Ku Tak Sudi Iklim
2026-08-16,id,Indonesia,top_videos_daily,,32,https://i.ytimg.com/vi/HgRsmSyy_Fw/mqdefault.jpg,PEARL,Difarina Indra / Fendik Adella,,,PEARL Difarina Indra & Fendik Adella
2026-08-16,id,Indonesia,top_videos_daily,,33,https://i.ytimg.com/vi/wPb_miODtDI/mqdefault.jpg,Astaga Bercanda,Akbar Chalay / Mingse,,,Astaga Bercanda Akbar Chalay & Mingse
2026-08-16,id,Indonesia,top_videos_daily,,34,https://i.ytimg.com/vi/4VVvXjmRk6g/mqdefault.jpg,BODY PATA PATA,Faris Adam,,,BODY PATA PATA Faris Adam
2026-08-16,id,Indonesia,top_videos_daily,,35,https://i.ytimg.com/vi/fLdVq8n-KQg/mqdefault.jpg,Astaga Bercanda,Akbar Chalay / Mingse,,,Astaga Bercanda Akbar Chalay & Mingse
2026-08-16,id,Indonesia,top_videos_daily,,36,https://i.ytimg.com/vi/lCIX4hd_geU/mqdefault.jpg,LAUT KIDUL (Live),Denny Caknan,,,LAUT KIDUL (Live) Denny Caknan
2026-08-16,id,Indonesia,top_videos_daily,,37,https://i.ytimg.com/vi/NRGDT2UUlsk/mqdefault.jpg,Jatuh Suka,圖魯斯,"9月 28, 2025",158749,"37 3 Jatuh Suka 圖魯斯 9月 28, 2025 34 55 158,749"
2026-08-16,id,Indonesia,top_videos_daily,,38,https://i.ytimg.com/vi/zyLmavBAY7k/mqdefault.jpg,Teh Hijau,圖魯斯,"7月 10, 2026",157972,"38 1 Teh Hijau 圖魯斯 7月 10, 2026 39 32 157,972"
2026-08-16,id,Indonesia,top_videos_daily,,39,https://i.ytimg.com/vi/IqaQjRGt8i0/mqdefault.jpg,Yeni Inka ft. Yesa Oktavia - LAUT KIDUL (Official Music Yi Production),Yeni Inka,,,Yeni Inka ft. Yesa Oktavia - LAUT KIDUL (Official Music Yi Production) Yeni Inka
2026-08-16,id,Indonesia,top_videos_daily,,40,https://i.ytimg.com/vi/eIrS1_47Eng/mqdefault.jpg,honk!,no na,"7月 30, 2026",150718,"40 5 honk! no na 7月 30, 2026 45 15 150,718"
2026-08-16,id,Indonesia,top_videos_daily,,41,https://i.ytimg.com/vi/ThGYCL1zERU/mqdefault.jpg,Raci Kuah,Fresly Nikijuluw,,,Raci Kuah Fresly Nikijuluw
2026-08-16,id,Indonesia,top_videos_daily,,42,https://i.ytimg.com/vi/gS9o1FAszdk/mqdefault.jpg,The Man Who Can’t Be Moved,The Script,,,The Man Who Can’t Be Moved The Script
2026-08-16,id,Indonesia,top_videos_daily,,43,https://i.ytimg.com/vi/x6E_Qj30EZI/mqdefault.jpg,Aishiteru,Zivilia,,,Aishiteru Zivilia
2026-08-16,id,Indonesia,top_videos_daily,,44,https://i.ytimg.com/vi/m_2GEsOIzmc/mqdefault.jpg,Bounce & Pa Bkb,Vian DTM,,,Bounce & Pa Bkb Vian DTM
2026-08-16,id,Indonesia,top_videos_daily,,45,https://i.ytimg.com/vi/uf721kddxuM/mqdefault.jpg,2001x,Adrian Khalif,,2001,2001x Adrian Khalif
2026-08-16,id,Indonesia,top_videos_daily,,46,https://i.ytimg.com/vi/qdERFU_HPx4/mqdefault.jpg,Tak Di Tanganku,Juicy Luicy / Mawar De Jongh,,,Tak Di Tanganku Juicy Luicy & Mawar De Jongh
2026-08-16,id,Indonesia,top_videos_daily,,47,https://i.ytimg.com/vi/MW9BbTJrMig/mqdefault.jpg,Sia Sia Mengharap Cintamu,Els Warouw,,,Sia Sia Mengharap Cintamu Els Warouw
2026-08-16,id,Indonesia,top_videos_daily,,48,https://i.ytimg.com/vi/lY2yjAdbvdQ/mqdefault.jpg,Treat You Better,Shawn Mendes,,,Treat You Better Shawn Mendes
2026-08-16,id,Indonesia,top_videos_daily,,49,https://i.ytimg.com/vi/uGxaFiHD7PI/mqdefault.jpg,Menari-nari,Raim Laode,,,Menari-nari Raim Laode
2026-08-16,id,Indonesia,top_videos_daily,,50,https://i.ytimg.com/vi/XY9JR07il_U/mqdefault.jpg,Keong Racun,Ajeng Febria,,,Keong Racun Ajeng Febria
2026-08-16,id,Indonesia,top_videos_daily,,51,https://i.ytimg.com/vi/R5PyKEgKYUE/mqdefault.jpg,Jambu Alas,Della Monica,,,Jambu Alas Della Monica
2026-08-16,id,Indonesia,top_videos_daily,,52,https://i.ytimg.com/vi/A5E1oEWjEHs/mqdefault.jpg,Raiso Ngapusi 2,Royal Music / Shinta Arsinta,,,Raiso Ngapusi 2 Royal Music & Shinta Arsinta
2026-08-16,id,Indonesia,top_videos_daily,,53,https://i.ytimg.com/vi/__Pb1fO2H2A/mqdefault.jpg,Kita Lewati Berdua,overnight,,,Kita Lewati Berdua overnight
2026-08-16,id,Indonesia,top_videos_daily,,54,https://i.ytimg.com/vi/P44FdpFcdF4/mqdefault.jpg,PANAS PELA - Fresly Nikijuluw feat. Vicky Salamor (Official Music Video),Fresly Nikijuluw,,,PANAS PELA - Fresly Nikijuluw feat. Vicky Salamor (Official Music Video) Fresly Nikijuluw
2026-08-16,id,Indonesia,top_videos_daily,,55,https://i.ytimg.com/vi/R-DKGaY1xqo/mqdefault.jpg,ASSALAMUALAIKA Versi Tiga Bahasa,Wangi Inema,,,ASSALAMUALAIKA Versi Tiga Bahasa Wangi Inema
2026-08-16,id,Indonesia,top_videos_daily,,56,https://i.ytimg.com/vi/qa-HkDhWh1U/mqdefault.jpg,Edan Turun,Wafiq Azizah,,,Edan Turun Wafiq Azizah
2026-08-16,id,Indonesia,top_videos_daily,,57,https://i.ytimg.com/vi/EngPsM8VnzM/mqdefault.jpg,Kicau Mania,Ndarboy Genk / Banditoz Yaow 86 / BoyCord,,,"Kicau Mania Ndarboy Genk , Banditoz Yaow 86 & BoyCord"
2026-08-16,id,Indonesia,top_videos_daily,,58,https://i.ytimg.com/vi/Rc_PqhGh580/mqdefault.jpg,Tutur Batin,Yura Yunita,,,Tutur Batin Yura Yunita
2026-08-16,id,Indonesia,top_videos_daily,,59,https://i.ytimg.com/vi/WhEUZrB2Osc/mqdefault.jpg,Berapa Kali Kita Akan Saling Memaafkan,Pamungkas,,,Berapa Kali Kita Akan Saling Memaafkan Pamungkas
2026-08-16,id,Indonesia,top_videos_daily,,60,https://i.ytimg.com/vi/Il-an3K9pjg/mqdefault.jpg,Anne,Marie,"5月 8, 2018",126312,"60 6 2002 Anne-Marie 5月 8, 2018 66 49 126,312"
2026-08-16,id,Indonesia,top_videos_daily,,61,https://i.ytimg.com/vi/PqTRMsd8uRQ/mqdefault.jpg,Aku Harus Pergi,Ari Lesmana / Whisnu Santika,,,Aku Harus Pergi Ari Lesmana & Whisnu Santika
2026-08-16,id,Indonesia,top_videos_daily,,62,https://i.ytimg.com/vi/nYLaeQ0_TjY/mqdefault.jpg,Mencari Alasan,Exists,,,Mencari Alasan Exists
2026-08-16,id,Indonesia,top_videos_daily,,63,https://i.ytimg.com/vi/ci1f7rciUgg/mqdefault.jpg,Astaga Bercanda,Akbar Chalay / Mingse,,,Astaga Bercanda Akbar Chalay & Mingse
2026-08-16,id,Indonesia,top_videos_daily,,64,https://i.ytimg.com/vi/6-_8gXbJPDw/mqdefault.jpg,HATI YANG LUKA,Dilla Novera,,,HATI YANG LUKA Dilla Novera
2026-08-16,id,Indonesia,top_videos_daily,,65,https://i.ytimg.com/vi/QGZ1tR-xMLo/mqdefault.jpg,Titik Nadir,Kahitna / Monita Tahalea,,,Titik Nadir Kahitna & Monita Tahalea
2026-08-16,id,Indonesia,top_videos_daily,,66,https://i.ytimg.com/vi/fcnDmrtj6Sk/mqdefault.jpg,Dai Dai,Shakira / Burna Boy,,,Dai Dai Shakira & Burna Boy
2026-08-16,id,Indonesia,top_videos_daily,,67,https://i.ytimg.com/vi/_-MIFofXRNU/mqdefault.jpg,Apa Kabar Sayang,Armada,,,Apa Kabar Sayang Armada
2026-08-16,id,Indonesia,top_videos_daily,,68,https://i.ytimg.com/vi/1VqxWNwgf5Q/mqdefault.jpg,Lemon Tang,Hearts2Hearts,,,Lemon Tang Hearts2Hearts
2026-08-16,id,Indonesia,top_videos_daily,,69,https://i.ytimg.com/vi/BbGoLyZJojo/mqdefault.jpg,Lost Boys (Acoustic),菲比·柏裡傑斯,,,Lost Boys (Acoustic) 菲比·柏里傑斯
2026-08-16,id,Indonesia,top_videos_daily,,70,https://i.ytimg.com/vi/O2CFycaEc8A/mqdefault.jpg,Jomblo,Bandung Music / Riyanti Darlia,,,Jomblo Bandung Music & Riyanti Darlia
2026-08-16,id,Indonesia,top_videos_daily,,71,https://i.ytimg.com/vi/0PmHpgFhy8E/mqdefault.jpg,Kenangan Manis,Pamungkas,,,Kenangan Manis Pamungkas
2026-08-16,id,Indonesia,top_videos_daily,,72,https://i.ytimg.com/vi/FcejdBgc_58/mqdefault.jpg,Terpukau (Video Clip),Astrid,,,Terpukau (Video Clip) Astrid
2026-08-16,id,Indonesia,top_videos_daily,,73,https://i.ytimg.com/vi/Wg92RrNhB8s/mqdefault.jpg,One Last Time,雅瑞安娜·格蘭德,,,One Last Time 雅瑞安娜·格蘭德
2026-08-16,id,Indonesia,top_videos_daily,,74,https://i.ytimg.com/vi/PT2_F-1esPk/mqdefault.jpg,Closer,The Chainsmokers,,,Closer The Chainsmokers
2026-08-16,id,Indonesia,top_videos_daily,,75,https://i.ytimg.com/vi/vf3zFvcKQkw/mqdefault.jpg,Heaven,Bryan Adams,,,Heaven Bryan Adams
2026-08-16,id,Indonesia,top_videos_daily,,76,https://i.ytimg.com/vi/vJDa6DMfx4c/mqdefault.jpg,Percuma,Vendetta rap,,,Percuma Vendetta rap
2026-08-16,id,Indonesia,top_videos_daily,,77,https://i.ytimg.com/vi/UCDI0rblZQs/mqdefault.jpg,rollerblade,no na,,,rollerblade no na
2026-08-16,id,Indonesia,top_videos_daily,,78,https://i.ytimg.com/vi/Ghhhp_3xBxw/mqdefault.jpg,PERCERAIAN LARA - Difarina Indra Adella Ft. Fendik Adella - OM ADELLA,Henny Adella,,,PERCERAIAN LARA - Difarina Indra Adella Ft. Fendik Adella - OM ADELLA Henny Adella
2026-08-16,id,Indonesia,top_videos_daily,,79,https://i.ytimg.com/vi/ekb6Y7z00-I/mqdefault.jpg,Bakul Sayur,Arlida Putri / Ndarboy Genk,,,Bakul Sayur Arlida Putri & Ndarboy Genk
2026-08-16,id,Indonesia,top_videos_daily,,80,https://i.ytimg.com/vi/Bgt9g1q-xj0/mqdefault.jpg,Cinta Sejati,Bunga Citra Lestari,,,Cinta Sejati Bunga Citra Lestari
2026-08-16,id,Indonesia,top_videos_daily,,81,https://i.ytimg.com/vi/Bt_NcCkodfs/mqdefault.jpg,Negoro Angin,Ajeng Febria / Denny Caknan,,,Negoro Angin Ajeng Febria & Denny Caknan
2026-08-16,id,Indonesia,top_videos_daily,,82,https://i.ytimg.com/vi/3eT464L1YRA/mqdefault.jpg,Heaven,Bryan Adams,,,Heaven Bryan Adams
2026-08-16,id,Indonesia,top_videos_daily,,83,https://i.ytimg.com/vi/anhQ3fC1_hY/mqdefault.jpg,Be My Friend (The Verity Band),Horror Skunx,,,Be My Friend (The Verity Band) Horror Skunx
2026-08-16,id,Indonesia,top_videos_daily,,84,https://i.ytimg.com/vi/nE756xSHzUQ/mqdefault.jpg,Pemain Cinta,ADA Band,,,Pemain Cinta ADA Band
2026-08-16,id,Indonesia,top_videos_daily,,85,https://i.ytimg.com/vi/yxa21u33lXQ/mqdefault.jpg,Lembaran baru,黛西·藍娜莎莉,,,Lembaran baru 黛西·藍娜莎莉
2026-08-16,id,Indonesia,top_videos_daily,,86,https://i.ytimg.com/vi/N7LpNIDCyCA/mqdefault.jpg,mejikuhibiniu,Tenxi / Suisei / Jemsii,,,"mejikuhibiniu Tenxi , Suisei & Jemsii"
2026-08-16,id,Indonesia,top_videos_daily,,87,https://i.ytimg.com/vi/5aXjNhFdSwQ/mqdefault.jpg,NEGORO ANGIN,Niken Salindry,,,NEGORO ANGIN Niken Salindry
2026-08-16,id,Indonesia,top_videos_daily,,88,https://i.ytimg.com/vi/rgSzJixLwG8/mqdefault.jpg,Rahasia Hati,Element,,,Rahasia Hati Element
2026-08-16,id,Indonesia,top_videos_daily,,89,https://i.ytimg.com/vi/C2AFd1PLsF8/mqdefault.jpg,"Berdansalah, Karir Ini Tak Ada Artinya",Hindia,,,"Berdansalah, Karir Ini Tak Ada Artinya Hindia"
2026-08-16,id,Indonesia,top_videos_daily,,90,https://i.ytimg.com/vi/ApXoWvfEYVU/mqdefault.jpg,Sunflower,Post Malone / Swae Lee,,,Sunflower Post Malone & Swae Lee
2026-08-16,id,Indonesia,top_videos_daily,,91,https://i.ytimg.com/vi/Soa3XwY-x08/mqdefault.jpg,SO ASU,Naykilla,"5月 12, 2026",92967,"91 91 SO ASU Naykilla 5月 12, 2026 - 25 92,967"
2026-08-16,id,Indonesia,top_videos_daily,,92,https://i.ytimg.com/vi/1gRZjdf02bo/mqdefault.jpg,Tanpo Hubungan,La Tasya,,,Tanpo Hubungan La Tasya
2026-08-16,id,Indonesia,top_videos_daily,,93,https://i.ytimg.com/vi/-0KcQ5qhiX8/mqdefault.jpg,Wasap Mamen,Andi Mbendol / DJiamputh,,,Wasap Mamen Andi Mbendol & DJiamputh
2026-08-16,id,Indonesia,top_videos_daily,,94,https://i.ytimg.com/vi/cX7-4o24sX8/mqdefault.jpg,Laut Kidul,Silvy Kumalasari,,,Laut Kidul Silvy Kumalasari
2026-08-16,id,Indonesia,top_videos_daily,,95,https://i.ytimg.com/vi/PIh2xe4jnpk/mqdefault.jpg,Rude,MAGIC!,"12月 5, 2013",90886,"95 95 Rude MAGIC! 12月 5, 2013 - 2 90,886"
2026-08-16,id,Indonesia,top_videos_daily,,96,https://i.ytimg.com/vi/yODOga1B1u8/mqdefault.jpg,RINDU SERINDU RINDUNYA,Decky Ryan,,,RINDU SERINDU RINDUNYA Decky Ryan
2026-08-16,id,Indonesia,top_videos_daily,,97,https://i.ytimg.com/vi/h2tNgvgFa4M/mqdefault.jpg,Kebutuhan Hati,Kaleb J,,,Kebutuhan Hati Kaleb J
2026-08-16,id,Indonesia,top_videos_daily,,98,https://i.ytimg.com/vi/ojRzrlJpLME/mqdefault.jpg,Istana Bintang,Setia Band,,,Istana Bintang Setia Band
2026-08-16,id,Indonesia,top_videos_daily,,99,https://i.ytimg.com/vi/RHagNmM32ps/mqdefault.jpg,Hanya Insan Biasa,Arief / Yollanda,,,Hanya Insan Biasa Arief & Yollanda
2026-08-16,id,Indonesia,top_videos_daily,,100,https://i.ytimg.com/vi/kmeepFLvO8E/mqdefault.jpg,Sumandhing - Esa Risty ft. Wahyu F Giri (Official Live Music) | Viral TikTok,Athena Record,,,Sumandhing - Esa Risty ft. Wahyu F Giri (Official Live Music) | Viral TikTok Athena Record
2026-08-16,in,India,top_videos_daily,,1,https://i.ytimg.com/vi/xvT1jH8B9AM/mqdefault.jpg,KALYANI (Remix),ARJN / KDS / FIFTY4 / 舒蕾亞·戈沙爾,,,"KALYANI (Remix) ARJN , KDS , FIFTY4 & 舒蕾亞·戈沙爾"
2026-08-16,in,India,top_videos_daily,,2,https://i.ytimg.com/vi/u9BdaJTWeiw/mqdefault.jpg,Barbaadi,Shilpi Raj,,,Barbaadi Shilpi Raj
2026-08-16,in,India,top_videos_daily,,3,https://i.ytimg.com/vi/l71aOtTJ1gE/mqdefault.jpg,Tiranga,B Praak,"5月 14, 2024",1975521,"3 3 Tiranga B Praak 5月 14, 2024 6 23 1,975,521"
2026-08-16,in,India,top_videos_daily,,4,https://i.ytimg.com/vi/A_RV2H2F9jw/mqdefault.jpg,Basinga Balaalu,Srinidhi Nerella / Kalyan Keys / Swamy Naresh,,,"Basinga Balaalu Srinidhi Nerella , Kalyan Keys & Swamy Naresh"
2026-08-16,in,India,top_videos_daily,,5,https://i.ytimg.com/vi/YyepU5ztLf4/mqdefault.jpg,Shararat,Madhubanti Bagchi / 雅斯文·桑德拉斯 / 沙赫瓦特·薩赫迪夫,,,"Shararat Madhubanti Bagchi , 雅斯文·桑德拉斯 & 沙赫瓦特·薩赫迪夫"
2026-08-16,in,India,top_videos_daily,,6,https://i.ytimg.com/vi/46kMhdOoeHM/mqdefault.jpg,Aye Mere Watan Ke Logon,C·蘭德拉 / Pradeep Irinjalakkuda / 拉塔・曼蓋施卡 / 坦尼許・巴格奇,,,"Aye Mere Watan Ke Logon C·蘭德拉 , Pradeep Irinjalakkuda , 拉塔・曼蓋施卡 & 坦尼許・巴格奇"
2026-08-16,in,India,top_videos_daily,,7,https://i.ytimg.com/vi/F2m4HPLvj-4/mqdefault.jpg,Jaiye Sajana,雅斯文·桑德拉斯 / 施廷德·薩爾塔 / 沙赫瓦特·薩赫迪夫,,,"Jaiye Sajana 雅斯文·桑德拉斯 , 施廷德·薩爾塔 & 沙赫瓦特·薩赫迪夫"
2026-08-16,in,India,top_videos_daily,,8,https://i.ytimg.com/vi/ebZj_nrmH-c/mqdefault.jpg,Barsaat,Banjaare / Roni,,,Barsaat Banjaare & Roni
2026-08-16,in,India,top_videos_daily,,9,https://i.ytimg.com/vi/6rvUyBiBtik/mqdefault.jpg,Tera Mera Rishta,Sayeed Quadri / Mustafa Zahid / Pritam,,,"Tera Mera Rishta Sayeed Quadri , Mustafa Zahid & Pritam"
2026-08-16,in,India,top_videos_daily,,10,https://i.ytimg.com/vi/oafxkMv4xnc/mqdefault.jpg,Bairan,Banjaare,"2月 13, 2026",1341324,"10 2 Bairan Banjaare 2月 13, 2026 8 163 1,341,324"
2026-08-16,in,India,top_videos_daily,,11,https://i.ytimg.com/vi/drlfr5Rtb1o/mqdefault.jpg,Des Rangila,Mahalakshmi Iyer,,,Des Rangila Mahalakshmi Iyer
2026-08-16,in,India,top_videos_daily,,12,https://i.ytimg.com/vi/aRNfSqsgrgE/mqdefault.jpg,Sheesha,Mitta Ror / Swara Verma,,,Sheesha Mitta Ror & Swara Verma
2026-08-16,in,India,top_videos_daily,,13,https://i.ytimg.com/vi/bP8ATWCvqzw/mqdefault.jpg,Arz Kiya Hai,Anuv Jain,,,Arz Kiya Hai Anuv Jain
2026-08-16,in,India,top_videos_daily,,14,https://i.ytimg.com/vi/ZvXN0TcZLfQ/mqdefault.jpg,Fortuner,Raj Mawar / Ruchika Jangid,,,Fortuner Raj Mawar & Ruchika Jangid
2026-08-16,in,India,top_videos_daily,,15,https://i.ytimg.com/vi/5GCfYLguTIs/mqdefault.jpg,Boyfriend,Karan Aujla,,,Boyfriend Karan Aujla
2026-08-16,in,India,top_videos_daily,,16,https://i.ytimg.com/vi/b68HETiNO98/mqdefault.jpg,Pavazha Malli,Sai Abhyankkar / Shruti Haasan,,,Pavazha Malli Sai Abhyankkar & Shruti Haasan
2026-08-16,in,India,top_videos_daily,,17,https://i.ytimg.com/vi/cL0KKSPjZf8/mqdefault.jpg,Boom Shaka,KR$NA / Dhanda Nyoliwala,,,Boom Shaka KR$NA & Dhanda Nyoliwala
2026-08-16,in,India,top_videos_daily,,18,https://i.ytimg.com/vi/9dV6Hl2u3vM/mqdefault.jpg,Neno Butterfly,Sublahshini / G.V. Prakash Kumar,,,Neno Butterfly Sublahshini & G.V. Prakash Kumar
2026-08-16,in,India,top_videos_daily,,19,https://i.ytimg.com/vi/icTm9MvrBRY/mqdefault.jpg,Jalwa Jalwa,Sukhwinder Singh / Udit Narayan,,,Jalwa Jalwa Sukhwinder Singh & Udit Narayan
2026-08-16,in,India,top_videos_daily,,20,https://i.ytimg.com/vi/asG7cwxi1sA/mqdefault.jpg,Saiyaara,舒蕾亞·戈沙爾 / Arslan Nizami / Irshad Kamil,,,"Saiyaara 舒蕾亞·戈沙爾 , Arslan Nizami & Irshad Kamil"
2026-08-16,in,India,top_videos_daily,,21,https://i.ytimg.com/vi/GX9x62kFsVU/mqdefault.jpg,Gehra Hua,Arijit Singh / Armaan Khan / 沙赫瓦特·薩赫迪夫 / Irshad Kamil,,,"Gehra Hua Arijit Singh , Armaan Khan , 沙赫瓦特·薩赫迪夫 & Irshad Kamil"
2026-08-16,in,India,top_videos_daily,,22,https://i.ytimg.com/vi/GVizJ_jpUnw/mqdefault.jpg,Gehra Hua,Arijit Singh / Armaan Khan / 沙赫瓦特·薩赫迪夫 / Irshad Kamil,,,"Gehra Hua Arijit Singh , Armaan Khan , 沙赫瓦特·薩赫迪夫 & Irshad Kamil"
2026-08-16,in,India,top_videos_daily,,23,https://i.ytimg.com/vi/iAtoZar5W58/mqdefault.jpg,Aaya Sher,Jangi Reddy / Arjun Chandy / 安尼魯德・瑞維奇德 / Kasarla Shyam,,,"Aaya Sher Jangi Reddy , Arjun Chandy , 安尼魯德・瑞維奇德 & Kasarla Shyam"
2026-08-16,in,India,top_videos_daily,,24,https://i.ytimg.com/vi/LX2zshAgECQ/mqdefault.jpg,Aankhon Se Tune 2.0,Dev Negi / Palak Muchhal / Kumar Sanu / Alka Yagnik,,,"Aankhon Se Tune 2.0 Dev Negi , Palak Muchhal , Kumar Sanu & Alka Yagnik"
2026-08-16,in,India,top_videos_daily,,25,https://i.ytimg.com/vi/ZcO4s0UU4Uk/mqdefault.jpg,Kamar DJ Pe,Manish Sonipat Aala / Bali Sharma / Vampire,,,"Kamar DJ Pe Manish Sonipat Aala , Bali Sharma & Vampire"
2026-08-16,in,India,top_videos_daily,,26,https://i.ytimg.com/vi/MzegNf-M20w/mqdefault.jpg,मेरा रंग दे बसंती चोला,Udit Narayan / Bhupendra Singh,,,मेरा रंग दे बसंती चोला Udit Narayan & Bhupendra Singh
2026-08-16,in,India,top_videos_daily,,27,https://i.ytimg.com/vi/wDheWYmNEhQ/mqdefault.jpg,Aisa Des Hai Mera,拉塔・曼蓋施卡 / Udit Narayan / 古爾達斯·馬 / Preetha Mazumdar,,,"Aisa Des Hai Mera 拉塔・曼蓋施卡 , Udit Narayan , 古爾達斯·馬 & Preetha Mazumdar"
2026-08-16,in,India,top_videos_daily,,28,https://i.ytimg.com/vi/rja5OuQGpAg/mqdefault.jpg,Aye Watan Tere Liye,Kavita Krishnamurthy / 穆罕默德·阿齊茲,,,Aye Watan Tere Liye Kavita Krishnamurthy & 穆罕默德·阿齊茲
2026-08-16,in,India,top_videos_daily,,29,https://i.ytimg.com/vi/7X4jDB_ET0M/mqdefault.jpg,New Song 2026 | New Hindi Song | Mohabbat Rone Lagi | Yash | Kriti Sanon | New Song,Gaurav Mali,,2026,New Song 2026 | New Hindi Song | Mohabbat Rone Lagi | Yash | Kriti Sanon | New Song Gaurav Mali
2026-08-16,in,India,top_videos_daily,,30,https://i.ytimg.com/vi/NJ1NIIdHhXs/mqdefault.jpg,Bum Bum Bole,Shaan / 阿米爾·罕,,,Bum Bum Bole Shaan & 阿米爾·罕
2026-08-16,in,India,top_videos_daily,,31,https://i.ytimg.com/vi/Oyw1Eo21q5k/mqdefault.jpg,Kabze,Bintu Pabra / Shiva Choudhary,,,Kabze Bintu Pabra & Shiva Choudhary
2026-08-16,in,India,top_videos_daily,,32,https://i.ytimg.com/vi/AsdEIaw9Wks/mqdefault.jpg,Mithe Tere Bol Pari,Masoom Sharma,,,Mithe Tere Bol Pari Masoom Sharma
2026-08-16,in,India,top_videos_daily,,33,https://i.ytimg.com/vi/5gwy0gcjIkI/mqdefault.jpg,Tere Sang Yaara,馬諾伊·蒙塔舍 / 阿蒂夫·阿斯拉姆,,,Tere Sang Yaara 馬諾伊·蒙塔舍 & 阿蒂夫·阿斯拉姆
2026-08-16,in,India,top_videos_daily,,34,https://i.ytimg.com/vi/uOrhBw3N3NM/mqdefault.jpg,80 Lakh,D Naveen / Shiva Choudhary / Sweta Chauhan / Kala Dighal,,,"80 Lakh D Naveen , Shiva Choudhary , Sweta Chauhan & Kala Dighal"
2026-08-16,in,India,top_videos_daily,,35,https://i.ytimg.com/vi/-YlmnPh-6rE/mqdefault.jpg,For A Reason,Karan Aujla / Ikky,,,For A Reason Karan Aujla & Ikky
2026-08-16,in,India,top_videos_daily,,36,https://i.ytimg.com/vi/7VsejGzcJmM/mqdefault.jpg,Alaakaa Loova,Sai Abhyankkar,,,Alaakaa Loova Sai Abhyankkar
2026-08-16,in,India,top_videos_daily,,37,https://i.ytimg.com/vi/dO5Q0Zut8Jc/mqdefault.jpg,Kargil Vijay Diwas Special - Aye Watan Aye Watan | Jalwa Jalwa | Hindustan Ki Kasam | Hindi Song,Gaane Filmi,,,Kargil Vijay Diwas Special - Aye Watan Aye Watan | Jalwa Jalwa | Hindustan Ki Kasam | Hindi Song Gaane Filmi
2026-08-16,in,India,top_videos_daily,,38,https://i.ytimg.com/vi/v5jVX0QYwQo/mqdefault.jpg,Shararat,Madhubanti Bagchi / 雅斯文·桑德拉斯 / 沙赫瓦特·薩赫迪夫,,,"Shararat Madhubanti Bagchi , 雅斯文·桑德拉斯 & 沙赫瓦特·薩赫迪夫"
2026-08-16,in,India,top_videos_daily,,39,https://i.ytimg.com/vi/X1twu3ztkPU/mqdefault.jpg,Bum Baa Diga Diga - Music Video | DC | Lokesh | Sun Pictures | Anirudh | Arun Matheswaran,Heisenberg / Anirudh Ravichander / Vedan,,,"Bum Baa Diga Diga - Music Video | DC | Lokesh | Sun Pictures | Anirudh | Arun Matheswaran Heisenberg , Anirudh Ravichander & Vedan"
2026-08-16,in,India,top_videos_daily,,40,https://i.ytimg.com/vi/QHdajZktFEU/mqdefault.jpg,Bangles,Sanju Rathod / G-SPXRK,,,Bangles Sanju Rathod & G-SPXRK
2026-08-16,in,India,top_videos_daily,,41,https://i.ytimg.com/vi/6zDfwVSvyEk/mqdefault.jpg,Hellallallo,Rakshita Suresh / A. R. Rahman / Varadaraj Chikkaballapura,,,"Hellallallo Rakshita Suresh , A. R. Rahman & Varadaraj Chikkaballapura"
2026-08-16,in,India,top_videos_daily,,42,https://i.ytimg.com/vi/L1yeukkQTOg/mqdefault.jpg,Phir Bhi Dil Hai Hindustani,Jatin-Lalit / Udit Narayan,,,Phir Bhi Dil Hai Hindustani Jatin-Lalit & Udit Narayan
2026-08-16,in,India,top_videos_daily,,43,https://i.ytimg.com/vi/rC-kbRanJQ0/mqdefault.jpg,UDI UDI,Hruday / Sarkar / Aneesh,,,"UDI UDI Hruday , Sarkar & Aneesh"
2026-08-16,in,India,top_videos_daily,,44,https://i.ytimg.com/vi/3QhajVg6SjE/mqdefault.jpg,Tu Hi Haqeeqat,Sayeed Quadri / 伊爾尚·阿什拉夫 / Shadab Faridi / 傑韋德·阿里,,,"Tu Hi Haqeeqat Sayeed Quadri , 伊爾尚·阿什拉夫 , Shadab Faridi & 傑韋德·阿里"
2026-08-16,in,India,top_videos_daily,,45,https://i.ytimg.com/vi/jZEA2mMwL1k/mqdefault.jpg,Mutta Kalakki,Ken Karunaas,,,Mutta Kalakki Ken Karunaas
2026-08-16,in,India,top_videos_daily,,46,https://i.ytimg.com/vi/-gZylSjWtPo/mqdefault.jpg,Nach Nagin Jaisan,Raushan Rohi / Khushi Kakkar,,,Nach Nagin Jaisan Raushan Rohi & Khushi Kakkar
2026-08-16,in,India,top_videos_daily,,47,https://i.ytimg.com/vi/yOHnlNuZhgI/mqdefault.jpg,Maa Tujhhe Salaam (Maa Tujhhe Salaam / Soundtrack Version),Shankar Mahadevan,,,Maa Tujhhe Salaam (Maa Tujhhe Salaam / Soundtrack Version) Shankar Mahadevan
2026-08-16,in,India,top_videos_daily,,48,https://i.ytimg.com/vi/yrjDEU9F1bw/mqdefault.jpg,Bairi,Virat / Pradeep Solanki / Heena,,,"Bairi Virat , Pradeep Solanki & Heena"
2026-08-16,in,India,top_videos_daily,,49,https://i.ytimg.com/vi/ocRzt5NvI7A/mqdefault.jpg,Ganga Ke Kinare,Bunny / Sagar,,,Ganga Ke Kinare Bunny & Sagar
2026-08-16,in,India,top_videos_daily,,50,https://i.ytimg.com/vi/mlb5yBGTTRI/mqdefault.jpg,Narak,B Praak / Jaani / Jyotica Tangri,,,"Narak B Praak , Jaani & Jyotica Tangri"
2026-08-16,in,India,top_videos_daily,,51,https://i.ytimg.com/vi/qpIdoaaPa6U/mqdefault.jpg,Jeene Laga Hoon [Instrumental],薩辛-吉格爾,,,Jeene Laga Hoon [Instrumental] 薩辛-吉格爾
2026-08-16,in,India,top_videos_daily,,52,https://i.ytimg.com/vi/alX-ld96FpI/mqdefault.jpg,Jadugarni,Riyaazi / Sintaa,,,Jadugarni Riyaazi & Sintaa
2026-08-16,in,India,top_videos_daily,,53,https://i.ytimg.com/vi/9OF_cF48mjA/mqdefault.jpg,Raavana Mavandaa,Anirudh Ravichander / Vivek,,,Raavana Mavandaa Anirudh Ravichander & Vivek
2026-08-16,in,India,top_videos_daily,,54,https://i.ytimg.com/vi/GG1_DsScm6U/mqdefault.jpg,Vaari Jaavan,喬奧蒂·諾倫 / Reble / 沙赫瓦特·薩赫迪夫 / 雅斯文·桑德拉斯,,,"Vaari Jaavan 喬奧蒂·諾倫 , Reble , 沙赫瓦特·薩赫迪夫 & 雅斯文·桑德拉斯"
2026-08-16,in,India,top_videos_daily,,55,https://i.ytimg.com/vi/49x5rfxmv4E/mqdefault.jpg,Karuppa Kooda Va,Sai Abhyankkar / V·M·馬哈林加姆,,,Karuppa Kooda Va Sai Abhyankkar & V·M·馬哈林加姆
2026-08-16,in,India,top_videos_daily,,56,https://i.ytimg.com/vi/sQ62NLZuFgw/mqdefault.jpg,"Maheroo Maheroo - Lyrical | Super Nani | Sharman Joshi, Shweta K | Shreya Ghoshal | Sanjeev Darshan",Bollywood Love Vibes,,,"Maheroo Maheroo - Lyrical | Super Nani | Sharman Joshi, Shweta K | Shreya Ghoshal | Sanjeev Darshan Bollywood Love Vibes"
2026-08-16,in,India,top_videos_daily,,57,https://i.ytimg.com/vi/1UpdWz7TfV4/mqdefault.jpg,I Love My India | Lyrical Video | Republic Day Song | Pardes | 26 January Song | Desh Bhakti Song,Hot Hits Hindi,,,I Love My India | Lyrical Video | Republic Day Song | Pardes | 26 January Song | Desh Bhakti Song Hot Hits Hindi
2026-08-16,in,India,top_videos_daily,,58,https://i.ytimg.com/vi/tQh6SKXktzM/mqdefault.jpg,Tiranga Meri Jaan,Anu Dubey,,,Tiranga Meri Jaan Anu Dubey
2026-08-16,in,India,top_videos_daily,,59,https://i.ytimg.com/vi/JUhcNNwha7w/mqdefault.jpg,कमर में दागी,Khesari Lal Yadav / Shilpi Raj,,,कमर में दागी Khesari Lal Yadav & Shilpi Raj
2026-08-16,in,India,top_videos_daily,,60,https://i.ytimg.com/vi/I0-IiiVgvyU/mqdefault.jpg,Desh Mere,Arijit Singh,,,Desh Mere Arijit Singh
2026-08-16,in,India,top_videos_daily,,61,https://i.ytimg.com/vi/zvLvXhXfdVM/mqdefault.jpg,Vande Mataram (The Fighter Anthem),Vishal Dadlani / 謝卡爾·拉維加尼 / Vaibhav Gupta / Subhadeep Das Chowdhury / Dipan Mitra / utkArsh / Piyush Panwar / Obom Tangu,,,"Vande Mataram (The Fighter Anthem) Vishal Dadlani , 謝卡爾·拉維加尼 , Vaibhav Gupta , Subhadeep Das Chowdhury , Dipan Mitra , utkArsh , Piyush Panwar & Obom Tangu"
2026-08-16,in,India,top_videos_daily,,62,https://i.ytimg.com/vi/Bm9lLpmPM0A/mqdefault.jpg,Pattampoochi,Sublahshini / G.V. Prakash Kumar,,,Pattampoochi Sublahshini & G.V. Prakash Kumar
2026-08-16,in,India,top_videos_daily,,63,https://i.ytimg.com/vi/XTp5jaRU3Ws/mqdefault.jpg,Wavy,Karan Aujla / Jay Trak,,,Wavy Karan Aujla & Jay Trak
2026-08-16,in,India,top_videos_daily,,64,https://i.ytimg.com/vi/6JaeasJw-QI/mqdefault.jpg,Thalapathy Kacheri,Jayanth Maadhur / Anirudh Ravichander / Arun Kaundinya / Nazeeruddin / Srinivasa Mouli,,,"Thalapathy Kacheri Jayanth Maadhur , Anirudh Ravichander , Arun Kaundinya , Nazeeruddin & Srinivasa Mouli"
2026-08-16,in,India,top_videos_daily,,65,https://i.ytimg.com/vi/Y6WV7v4zuNM/mqdefault.jpg,Maa Tujhe Salaam,A. R. Rahman,,,Maa Tujhe Salaam A. R. Rahman
2026-08-16,in,India,top_videos_daily,,66,https://i.ytimg.com/vi/ahc8zhtzQSk/mqdefault.jpg,Lahanga Se Mahanga,Shivani Singh / Pawan Singh,,,Lahanga Se Mahanga Shivani Singh & Pawan Singh
2026-08-16,in,India,top_videos_daily,,67,https://i.ytimg.com/vi/fcnDmrtj6Sk/mqdefault.jpg,Dai Dai,Shakira / Burna Boy,,,Dai Dai Shakira & Burna Boy
2026-08-16,in,India,top_videos_daily,,68,https://i.ytimg.com/vi/3j7bhOvW6jw/mqdefault.jpg,LOW FADE,Mxrci / Karan Aujla,,,LOW FADE Mxrci & Karan Aujla
2026-08-16,in,India,top_videos_daily,,69,https://i.ytimg.com/vi/FPoDwu3odT8/mqdefault.jpg,O Sanam,Akhil Sachdeva,,,O Sanam Akhil Sachdeva
2026-08-16,in,India,top_videos_daily,,70,https://i.ytimg.com/vi/2vYyHb34upc/mqdefault.jpg,Case Teri Rani Ladegi,Khesari Lal Yadav / Shrishti Bharti,,,Case Teri Rani Ladegi Khesari Lal Yadav & Shrishti Bharti
2026-08-16,in,India,top_videos_daily,,71,https://i.ytimg.com/vi/EGxJr68XhR0/mqdefault.jpg,Milte Milte Haseen Wadiyon Mein,Vipin Sachdeva / Anuradha Paudwal,,,Milte Milte Haseen Wadiyon Mein Vipin Sachdeva & Anuradha Paudwal
2026-08-16,in,India,top_videos_daily,,72,https://i.ytimg.com/vi/U0EI7XFkkV4/mqdefault.jpg,Taare,10A / Farak / Saswat Balan,,,"Taare 10A , Farak & Saswat Balan"
2026-08-16,in,India,top_videos_daily,,73,https://i.ytimg.com/vi/4kGIIRUIRbQ/mqdefault.jpg,Aisa Des Hai Mera,古爾達斯·馬 / 拉塔・曼蓋施卡 / Preetha Mazumdar / Udit Narayan,,,"Aisa Des Hai Mera 古爾達斯·馬 , 拉塔・曼蓋施卡 , Preetha Mazumdar & Udit Narayan"
2026-08-16,in,India,top_videos_daily,,74,https://i.ytimg.com/vi/z5y8Clp_TdE/mqdefault.jpg,KALYANI (Remix),舒蕾亞·戈沙爾 / ARJN / KDS,,,"KALYANI (Remix) 舒蕾亞·戈沙爾 , ARJN & KDS"
2026-08-16,in,India,top_videos_daily,,75,https://i.ytimg.com/vi/9hYyZu2KcxQ/mqdefault.jpg,Pagle Bana Delu,Pramod Premi / Vicky Vox / Ravi Yadav,,,"Pagle Bana Delu Pramod Premi , Vicky Vox & Ravi Yadav"
2026-08-16,in,India,top_videos_daily,,76,https://i.ytimg.com/vi/tionpZAVPd4/mqdefault.jpg,Teri Mitti,馬諾伊·蒙塔舍 / B Praak / 雅高・普拉沃・穆克吉,,,"Teri Mitti 馬諾伊·蒙塔舍 , B Praak & 雅高・普拉沃・穆克吉"
2026-08-16,in,India,top_videos_daily,,77,https://i.ytimg.com/vi/lsVkObGx8-U/mqdefault.jpg,जन गण मन | Jana Gana Mana Full with Lyrics | National Anthem | Rashtriya Geet | जन गण मन अधिनायक,Bhajan India,,,जन गण मन | Jana Gana Mana Full with Lyrics | National Anthem | Rashtriya Geet | जन गण मन अधिनायक Bhajan India
2026-08-16,in,India,top_videos_daily,,78,https://i.ytimg.com/vi/BHlCNUyu5EU/mqdefault.jpg,Thoda Thoda Pyaar,Kumaar / Stebin Ben / Nilesh Ahuja,,,"Thoda Thoda Pyaar Kumaar , Stebin Ben & Nilesh Ahuja"
2026-08-16,in,India,top_videos_daily,,79,https://i.ytimg.com/vi/42r8Stt-30w/mqdefault.jpg,Barsaat (Brand New Day Edition),Banjaare,,,Barsaat (Brand New Day Edition) Banjaare
2026-08-16,in,India,top_videos_daily,,80,https://i.ytimg.com/vi/undhkaMMenU/mqdefault.jpg,Sambavakaari,Saindhavi / 肖恩·羅爾丹 / Mohan Rajan,,,"Sambavakaari Saindhavi , 肖恩·羅爾丹 & Mohan Rajan"
2026-08-16,in,India,top_videos_daily,,81,https://i.ytimg.com/vi/g23pmazHwgE/mqdefault.jpg,Tera Mera Rishta,Sayeed Quadri / Mustafa Zahid / Pritam,,,"Tera Mera Rishta Sayeed Quadri , Mustafa Zahid & Pritam"
2026-08-16,in,India,top_videos_daily,,82,https://i.ytimg.com/vi/se9DDAwwGQY/mqdefault.jpg,Channa Ve,Akhil Sachdeva / Mansheel Gujral,,,Channa Ve Akhil Sachdeva & Mansheel Gujral
2026-08-16,in,India,top_videos_daily,,83,https://i.ytimg.com/vi/NWK7dWsBlKo/mqdefault.jpg,Shamiyana,Shilpi Raj / Pawan Singh / Priyanshu Singh,,,"Shamiyana Shilpi Raj , Pawan Singh & Priyanshu Singh"
2026-08-16,in,India,top_videos_daily,,84,https://i.ytimg.com/vi/JMyX-534gWI/mqdefault.jpg,Tiranga,B Praak,"3月 20, 2024",402458,"84 84 Tiranga B Praak 3月 20, 2024 - 2 402,458"
2026-08-16,in,India,top_videos_daily,,85,https://i.ytimg.com/vi/b5aMbsJq_EI/mqdefault.jpg,Tera Mera Rishta,Sayeed Quadri / Mustafa Zahid / Pritam,,,"Tera Mera Rishta Sayeed Quadri , Mustafa Zahid & Pritam"
2026-08-16,in,India,top_videos_daily,,86,https://i.ytimg.com/vi/q8gilwzNQEA/mqdefault.jpg,Mere Rashke Qamar,Nusrat Fateh Ali Khan / Rahat Fateh Ali Khan,,,Mere Rashke Qamar Nusrat Fateh Ali Khan & Rahat Fateh Ali Khan
2026-08-16,in,India,top_videos_daily,,87,https://i.ytimg.com/vi/v_L-bAB1kUA/mqdefault.jpg,Dilnashin Dilnashin,KK,,,Dilnashin Dilnashin KK
2026-08-16,in,India,top_videos_daily,,88,https://i.ytimg.com/vi/9wG4C42JhN4/mqdefault.jpg,FINE SHYT,Yashvi Desai / Gurjit Gill / 谷魯·蘭達瓦 / Black Virus,,,"FINE SHYT Yashvi Desai , Gurjit Gill , 谷魯·蘭達瓦 & Black Virus"
2026-08-16,in,India,top_videos_daily,,89,https://i.ytimg.com/vi/GPEVNbeU6MU/mqdefault.jpg,Aayega Maza Ab Barsaat Ka,阿爾卡·雅格尼克 / Babul Supriyo,,,Aayega Maza Ab Barsaat Ka 阿爾卡·雅格尼克 & Babul Supriyo
2026-08-16,in,India,top_videos_daily,,90,https://i.ytimg.com/vi/yM5APO87aNU/mqdefault.jpg,Jackpot,Gur Sidhu / Cheema Y,,,Jackpot Gur Sidhu & Cheema Y
2026-08-16,in,India,top_videos_daily,,91,https://i.ytimg.com/vi/cWMxCE2HTag/mqdefault.jpg,Softly,Karan Aujla / Ikky,,,Softly Karan Aujla & Ikky
2026-08-16,in,India,top_videos_daily,,92,https://i.ytimg.com/vi/hoNb6HuNmU0/mqdefault.jpg,Khairiyat (Bonus Track),阿米塔布·巴塔查亞 / Arijit Singh / Pritam,,,"Khairiyat (Bonus Track) 阿米塔布·巴塔查亞 , Arijit Singh & Pritam"
2026-08-16,in,India,top_videos_daily,,93,https://i.ytimg.com/vi/MfY9YO3u7GM/mqdefault.jpg,Brown Rang,Yo・Yo・哈尼・辛,,,Brown Rang Yo・Yo・哈尼・辛
2026-08-16,in,India,top_videos_daily,,94,https://i.ytimg.com/vi/sdXPt-lgbE0/mqdefault.jpg,Chamiki,Ken Karunaas / Bhaskarabhatla / G.V. Prakash Kumar,,,"Chamiki Ken Karunaas , Bhaskarabhatla & G.V. Prakash Kumar"
2026-08-16,in,India,top_videos_daily,,95,https://i.ytimg.com/vi/-8C_2BBVWk8/mqdefault.jpg,Zara Sa,Sayeed Quadri / KK / Pritam,,,"Zara Sa Sayeed Quadri , KK & Pritam"
2026-08-16,in,India,top_videos_daily,,96,https://i.ytimg.com/vi/DXQlLGpureI/mqdefault.jpg,Pistol Balam Ki,AMMY CHOUDHARY / Kamal Digiya / Heena / Hanssika Digiya,,,"Pistol Balam Ki AMMY CHOUDHARY , Kamal Digiya , Heena & Hanssika Digiya"
2026-08-16,in,India,top_videos_daily,,97,https://i.ytimg.com/vi/IAONd2d_PDU/mqdefault.jpg,JAAN SE GUZARTE HAIN,Khan Saab / 沙赫瓦特·薩赫迪夫 / Nusrat Fateh Ali Khan,,,"JAAN SE GUZARTE HAIN Khan Saab , 沙赫瓦特·薩赫迪夫 & Nusrat Fateh Ali Khan"
2026-08-16,in,India,top_videos_daily,,98,https://i.ytimg.com/vi/YQqJCk_BjNU/mqdefault.jpg,Mitti Ke Bete (Live),蘇努・尼甘 / 米通 / 馬諾伊·蒙塔舍,,,"Mitti Ke Bete (Live) 蘇努・尼甘 , 米通 & 馬諾伊·蒙塔舍"
2026-08-16,in,India,top_videos_daily,,99,https://i.ytimg.com/vi/yIIGQB6EMAM/mqdefault.jpg,Bom Diggy Diggy,查克·奈特 / Jasmin Walia,,,Bom Diggy Diggy 查克·奈特 & Jasmin Walia
2026-08-16,in,India,top_videos_daily,,100,https://i.ytimg.com/vi/cEuvTa6Ej44/mqdefault.jpg,Majanua Ha Mafiya,Shilpi Raj / Golu Raja,,,Majanua Ha Mafiya Shilpi Raj & Golu Raja
2026-08-16,sg,Singapore,top_videos_daily,,1,https://i.ytimg.com/vi/fcnDmrtj6Sk/mqdefault.jpg,Dai Dai,Shakira / Burna Boy,,,Dai Dai Shakira & Burna Boy
2026-08-16,sg,Singapore,top_videos_daily,,2,https://i.ytimg.com/vi/Q3bFaJVLlb0/mqdefault.jpg,ဤသို့ပြုရ - သိပ္ပံထွန်း [ Official Lyric Video ] #ဤသ်ို့ပြုရ #theinkpanhtun #eithotpyuya,Theinkpan Htun,,,ဤသို့ပြုရ - သိပ္ပံထွန်း [ Official Lyric Video ] #ဤသ်ို့ပြုရ #theinkpanhtun #eithotpyuya Theinkpan Htun
2026-08-16,sg,Singapore,top_videos_daily,,3,https://i.ytimg.com/vi/376utoTabMI/mqdefault.jpg,看著我的眼睛說,張遠 / 姚曉棠,,,看着我的眼睛说 张远 & 姚晓棠
2026-08-16,sg,Singapore,top_videos_daily,,4,https://i.ytimg.com/vi/j5BSH0Op5H8/mqdefault.jpg,Giants,NDPeeps / Weish / Iman Fandi,,,"Giants NDPeeps , Weish & Iman Fandi"
2026-08-16,sg,Singapore,top_videos_daily,,5,https://i.ytimg.com/vi/xvT1jH8B9AM/mqdefault.jpg,KALYANI (Remix),ARJN / KDS / FIFTY4 / 舒蕾亞·戈沙爾,,,"KALYANI (Remix) ARJN , KDS , FIFTY4 & 舒蕾亞·戈沙爾"
2026-08-16,sg,Singapore,top_videos_daily,,6,https://i.ytimg.com/vi/OkTlYjO6SNY/mqdefault.jpg,過了幾天,DIOR 大穎 / 郭家瑋,,,過了幾天 DIOR 大穎 & 郭家瑋
2026-08-16,sg,Singapore,top_videos_daily,,7,https://i.ytimg.com/vi/ApXoWvfEYVU/mqdefault.jpg,Sunflower,Post Malone / Swae Lee,,,Sunflower Post Malone & Swae Lee
2026-08-16,sg,Singapore,top_videos_daily,,8,https://i.ytimg.com/vi/GaMS0F0_xMI/mqdefault.jpg,You'll Be Okay,NDPeeps / 楚晴,,,You'll Be Okay NDPeeps & 楚晴
2026-08-16,sg,Singapore,top_videos_daily,,9,https://i.ytimg.com/vi/yebNIHKAC4A/mqdefault.jpg,Golden,HUNTR/X / EJAE / AUDREY NUNA / REI AMI / KPop Demon Hunters Cast,,,"Golden HUNTR/X , EJAE , AUDREY NUNA , REI AMI & KPop Demon Hunters Cast"
2026-08-16,sg,Singapore,top_videos_daily,,10,https://i.ytimg.com/vi/m7k9UMcHbr0/mqdefault.jpg,"KATSEYE (캣츠아이) ""Animal"" Official MV",KATSEYE,,,"KATSEYE (캣츠아이) ""Animal"" Official MV KATSEYE"
2026-08-16,sg,Singapore,top_videos_daily,,11,https://i.ytimg.com/vi/7VsejGzcJmM/mqdefault.jpg,Alaakaa Loova,Sai Abhyankkar,,,Alaakaa Loova Sai Abhyankkar
2026-08-16,sg,Singapore,top_videos_daily,,12,https://i.ytimg.com/vi/-q_S27LbNKU/mqdefault.jpg,BAD,ATEEZ,"6月 25, 2026",<10K,"12 2 BAD ATEEZ 6月 25, 2026 14 50 <10K"
2026-08-16,sg,Singapore,top_videos_daily,,13,https://i.ytimg.com/vi/YacpC7sUXMM/mqdefault.jpg,甲乙丙丁 (你我怎麼兩清伴奏),李佳薇,,,甲乙丙丁 (你我怎麼兩清伴奏) 李佳薇
2026-08-16,sg,Singapore,top_videos_daily,,14,https://i.ytimg.com/vi/b68HETiNO98/mqdefault.jpg,Pavazha Malli,Sai Abhyankkar / Shruti Haasan,,,Pavazha Malli Sai Abhyankkar & Shruti Haasan
2026-08-16,sg,Singapore,top_videos_daily,,15,https://i.ytimg.com/vi/ko70cExuzZM/mqdefault.jpg,The Fate of Ophelia,Taylor Swift,,,The Fate of Ophelia Taylor Swift
2026-08-16,sg,Singapore,top_videos_daily,,16,https://i.ytimg.com/vi/BZ4UzthYTss/mqdefault.jpg,This & That,Stray Kids,,,This & That Stray Kids
2026-08-16,sg,Singapore,top_videos_daily,,17,https://i.ytimg.com/vi/IpCYJ5VH0FU/mqdefault.jpg,Sparkle,Dru Chen / NDPeeps / Gareth Fernandez,,,"Sparkle Dru Chen , NDPeeps & Gareth Fernandez"
2026-08-16,sg,Singapore,top_videos_daily,,18,https://i.ytimg.com/vi/_G3Nu8q9Z9s/mqdefault.jpg,嘉賓,張遠,"6月 12, 2026",<10K,"18 ● 嘉宾 张远 6月 12, 2026 18 38 <10K"
2026-08-16,sg,Singapore,top_videos_daily,,19,https://i.ytimg.com/vi/DgFemuNxBrk/mqdefault.jpg,KATSEYE - That Way (Official Lyric Video),KATSEYE,,,KATSEYE - That Way (Official Lyric Video) KATSEYE
2026-08-16,sg,Singapore,top_videos_daily,,20,https://i.ytimg.com/vi/Qe8fa4b5xNU/mqdefault.jpg,Good Goodbye,HWASA,,,Good Goodbye HWASA
2026-08-16,sg,Singapore,top_videos_daily,,21,https://i.ytimg.com/vi/gJAbDSse5WM/mqdefault.jpg,Tìm Em,Hngle,"6月 18, 2026",<10K,"21 2 Tìm Em Hngle 6月 18, 2026 19 56 <10K"
2026-08-16,sg,Singapore,top_videos_daily,,22,https://i.ytimg.com/vi/PT2_F-1esPk/mqdefault.jpg,Closer,The Chainsmokers,,,Closer The Chainsmokers
2026-08-16,sg,Singapore,top_videos_daily,,23,https://i.ytimg.com/vi/82-jTNka3uc/mqdefault.jpg,hate that i made you love me,Ariana Grande,,,hate that i made you love me Ariana Grande
2026-08-16,sg,Singapore,top_videos_daily,,24,https://i.ytimg.com/vi/Aze7zTyIRtk/mqdefault.jpg,Aura 10/10,Hiphop Tamizha,,,Aura 10/10 Hiphop Tamizha
2026-08-16,sg,Singapore,top_videos_daily,,25,https://i.ytimg.com/vi/UH21OnJwxZE/mqdefault.jpg,PHƯƠNG MỸ CHI x DTAP | 'THIÊN ĐƯỜNG VỚI NGƯỜI THƯƠNG' | OFFICIAL MUSIC VIDEO,Phương Mỹ Chi,,,PHƯƠNG MỸ CHI x DTAP | 'THIÊN ĐƯỜNG VỚI NGƯỜI THƯƠNG' | OFFICIAL MUSIC VIDEO Phương Mỹ Chi
2026-08-16,sg,Singapore,top_videos_daily,,26,https://i.ytimg.com/vi/15dxI9BPxa4/mqdefault.jpg,最後一頁 (Live),王赫野 / 姚曉棠,,,最后一页 (Live) 王赫野 & 姚晓棠
2026-08-16,sg,Singapore,top_videos_daily,,27,https://i.ytimg.com/vi/oMvXwtmYVWc/mqdefault.jpg,KATSEYE - Bel Air (Official Lyric Video),KATSEYE,,,KATSEYE - Bel Air (Official Lyric Video) KATSEYE
2026-08-16,sg,Singapore,top_videos_daily,,28,https://i.ytimg.com/vi/aRiVUVNUhIs/mqdefault.jpg,なんもねえ - Nannmonee,Wasureranneyo,,,なんもねえ - Nannmonee Wasureranneyo
2026-08-16,sg,Singapore,top_videos_daily,,29,https://i.ytimg.com/vi/K-7olbaOelg/mqdefault.jpg,MMG (My Mine Gueh),Naykilla,,,MMG (My Mine Gueh) Naykilla
2026-08-16,sg,Singapore,top_videos_daily,,30,https://i.ytimg.com/vi/7io1L4AkXjU/mqdefault.jpg,從前說,小阿七,"2月 6, 2023",<10K,"30 ● 從前說 小阿七 2月 6, 2023 30 9 <10K"
2026-08-16,sg,Singapore,top_videos_daily,,31,https://i.ytimg.com/vi/mQUek1GYfvs/mqdefault.jpg,對等關係,李榮浩,"1月 27, 2022",<10K,"31 2 對等關係 李榮浩 1月 27, 2022 33 25 <10K"
2026-08-16,sg,Singapore,top_videos_daily,,32,https://i.ytimg.com/vi/jIzOIsQWMfg/mqdefault.jpg,至少我還記得 (天堂的微笑插曲),周興哲,,,至少我還記得 (天堂的微笑插曲) 周興哲
2026-08-16,sg,Singapore,top_videos_daily,,33,https://i.ytimg.com/vi/mFA1P8ZzoLw/mqdefault.jpg,She’s the Best (Official Music Video),Troye Sivan,,,She’s the Best (Official Music Video) Troye Sivan
2026-08-16,sg,Singapore,top_videos_daily,,34,https://i.ytimg.com/vi/83C3TZ4Zm_o/mqdefault.jpg,LEMONADE,aespa,"5月 28, 2026",<10K,"34 ● LEMONADE aespa 5月 28, 2026 34 78 <10K"
2026-08-16,sg,Singapore,top_videos_daily,,35,https://i.ytimg.com/vi/BVK_Q6KZSUI/mqdefault.jpg,終於瞭解自由,周興哲,"4月 8, 2019",<10K,"35 5 終於了解自由 周興哲 4月 8, 2019 40 5 <10K"
2026-08-16,sg,Singapore,top_videos_daily,,36,https://i.ytimg.com/vi/RO75uUZiAw0/mqdefault.jpg,Teh Hijau,圖魯斯,"6月 29, 2026",<10K,"36 1 Teh Hijau 圖魯斯 6月 29, 2026 35 41 <10K"
2026-08-16,sg,Singapore,top_videos_daily,,37,https://i.ytimg.com/vi/9OF_cF48mjA/mqdefault.jpg,Raavana Mavandaa,Anirudh Ravichander / Vivek,,,Raavana Mavandaa Anirudh Ravichander & Vivek
2026-08-16,sg,Singapore,top_videos_daily,,38,https://i.ytimg.com/vi/bMhDJ0S0OBA/mqdefault.jpg,It's Me,ILLIT,"4月 30, 2026",107,"38 9 It's Me ILLIT 4月 30, 2026 29 107 <10K"
2026-08-16,sg,Singapore,top_videos_daily,,39,https://i.ytimg.com/vi/_IT83Y_HcAw/mqdefault.jpg,Less than a Lover,JENNIE,,,Less than a Lover JENNIE
2026-08-16,sg,Singapore,top_videos_daily,,40,https://i.ytimg.com/vi/x3eqqoZPV_E/mqdefault.jpg,춤 (CHOOM),BABYMONSTER,,,춤 (CHOOM) BABYMONSTER
2026-08-16,sg,Singapore,top_videos_daily,,41,https://i.ytimg.com/vi/pRfmrE0ToTo/mqdefault.jpg,Rewrite the Stars,詹姆士·亞瑟 / 安-瑪莉,,,Rewrite the Stars 詹姆士·亞瑟 & 安-瑪莉
2026-08-16,sg,Singapore,top_videos_daily,,42,https://i.ytimg.com/vi/6ca_YHZvzls/mqdefault.jpg,黃昏,周傳雄,"10月 25, 2009",<10K,"42 5 黃昏 周傳雄 10月 25, 2009 47 8 <10K"
2026-08-16,sg,Singapore,top_videos_daily,,43,https://i.ytimg.com/vi/27C4pfRsf9g/mqdefault.jpg,ICONIC BY MISTAKE,LE SSERAFIM / ILLIT / KATSEYE,,,"ICONIC BY MISTAKE LE SSERAFIM , ILLIT & KATSEYE"
2026-08-16,sg,Singapore,top_videos_daily,,44,https://i.ytimg.com/vi/4Bsc2uI_LsM/mqdefault.jpg,Oorum Blood,Sai Abhyankkar / Paal Dabba / Deepthi Suresh / Bebhumika,,,"Oorum Blood Sai Abhyankkar , Paal Dabba , Deepthi Suresh & Bebhumika"
2026-08-16,sg,Singapore,top_videos_daily,,45,https://i.ytimg.com/vi/hm7Qw3yKclg/mqdefault.jpg,還是錯過他,王晴,"7月 9, 2023",<10K,"44 44 還是錯過他 王晴 7月 9, 2023 - 19 <10K"
2026-08-16,sg,Singapore,top_videos_daily,,46,https://i.ytimg.com/vi/p13tH7Etlzc/mqdefault.jpg,離開我的依賴,王艷薇,"2月 17, 2020",<10K,"46 46 離開我的依賴 王艷薇 2月 17, 2020 - 27 <10K"
2026-08-16,sg,Singapore,top_videos_daily,,47,https://i.ytimg.com/vi/3rB3n_XR23o/mqdefault.jpg,我不該動情,老闆,"7月 1, 2026",<10K,"47 6 我不該動情 老板 7月 1, 2026 53 25 <10K"
2026-08-16,sg,Singapore,top_videos_daily,,48,https://i.ytimg.com/vi/49x5rfxmv4E/mqdefault.jpg,Karuppa Kooda Va,Sai Abhyankkar / V·M·馬哈林加姆,,,Karuppa Kooda Va Sai Abhyankkar & V·M·馬哈林加姆
2026-08-16,sg,Singapore,top_videos_daily,,49,https://i.ytimg.com/vi/chl0R8C4NJ8/mqdefault.jpg,Hearts2Hearts 하츠투하츠 'ICONIC HEART' MV,Hearts2Hearts,,,Hearts2Hearts 하츠투하츠 'ICONIC HEART' MV Hearts2Hearts
2026-08-16,sg,Singapore,top_videos_daily,,50,https://i.ytimg.com/vi/zlAjS20q9pE/mqdefault.jpg,空心 (Live),黃霄雲 / 劉端端,,,空心 (Live) 黃霄雲 & 刘端端
2026-08-16,sg,Singapore,top_videos_daily,,51,https://i.ytimg.com/vi/X1twu3ztkPU/mqdefault.jpg,Bum Baa Diga Diga - Music Video | DC | Lokesh | Sun Pictures | Anirudh | Arun Matheswaran,Heisenberg / Anirudh Ravichander / Vedan,,,"Bum Baa Diga Diga - Music Video | DC | Lokesh | Sun Pictures | Anirudh | Arun Matheswaran Heisenberg , Anirudh Ravichander & Vedan"
2026-08-16,sg,Singapore,top_videos_daily,,52,https://i.ytimg.com/vi/s3a4OQR-10M/mqdefault.jpg,Loser,Tame Impala,,,Loser Tame Impala
2026-08-16,sg,Singapore,top_videos_daily,,53,https://i.ytimg.com/vi/UkxQt5IbwW8/mqdefault.jpg,【單曲純享】張碧晨 《暮色迴響》 一句神啊心都碎了！#天賜的聲音5 | 張碧晨資訊站,張碧晨,,,【单曲纯享】张碧晨 《暮色回响》 一句神啊心都碎了！#天赐的声音5 | 张碧晨资讯站 張碧晨
2026-08-16,sg,Singapore,top_videos_daily,,54,https://i.ytimg.com/vi/C40oligg6xE/mqdefault.jpg,นาฬิกาทราย (sign),BOWKYLION,,,นาฬิกาทราย (sign) BOWKYLION
2026-08-16,sg,Singapore,top_videos_daily,,55,https://i.ytimg.com/vi/23cipSExADA/mqdefault.jpg,เพราะพี่รักจริง,หนึ่ง บีเคแบนด์,,,เพราะพี่รักจริง หนึ่ง บีเคแบนด์
2026-08-16,sg,Singapore,top_videos_daily,,56,https://i.ytimg.com/vi/_Vp-jCG7gno/mqdefault.jpg,God Mode,Sai Abhyankkar / Gana Muthu / Vishnu Edavan,,,"God Mode Sai Abhyankkar , Gana Muthu & Vishnu Edavan"
2026-08-16,sg,Singapore,top_videos_daily,,57,https://i.ytimg.com/vi/Bm9lLpmPM0A/mqdefault.jpg,Pattampoochi,Sublahshini / G.V. Prakash Kumar,,,Pattampoochi Sublahshini & G.V. Prakash Kumar
2026-08-16,sg,Singapore,top_videos_daily,,58,https://i.ytimg.com/vi/undhkaMMenU/mqdefault.jpg,Sambavakaari,Saindhavi / 肖恩·羅爾丹 / Mohan Rajan,,,"Sambavakaari Saindhavi , 肖恩·羅爾丹 & Mohan Rajan"
2026-08-16,sg,Singapore,top_videos_daily,,59,https://i.ytimg.com/vi/0yW7w8F2TVA/mqdefault.jpg,Say You Won't Let Go,James Arthur,,,Say You Won't Let Go James Arthur
2026-08-16,sg,Singapore,top_videos_daily,,60,https://i.ytimg.com/vi/GEk4jHwfFTA/mqdefault.jpg,NORMAL,防彈少年團,"7月 18, 2026",<10K,"60 2 NORMAL 防彈少年團 7月 18, 2026 58 25 <10K"
2026-08-16,sg,Singapore,top_videos_daily,,61,https://i.ytimg.com/vi/9cS2wv6AfHk/mqdefault.jpg,I LIKE IT,BABYMONSTER,,,I LIKE IT BABYMONSTER
2026-08-16,sg,Singapore,top_videos_daily,,62,https://i.ytimg.com/vi/a_p5q5jk2Ek/mqdefault.jpg,This & That,Stray Kids,,,This & That Stray Kids
2026-08-16,sg,Singapore,top_videos_daily,,63,https://i.ytimg.com/vi/6JaeasJw-QI/mqdefault.jpg,Thalapathy Kacheri,Jayanth Maadhur / Anirudh Ravichander / Arun Kaundinya / Nazeeruddin / Srinivasa Mouli,,,"Thalapathy Kacheri Jayanth Maadhur , Anirudh Ravichander , Arun Kaundinya , Nazeeruddin & Srinivasa Mouli"
2026-08-16,sg,Singapore,top_videos_daily,,64,https://i.ytimg.com/vi/gS9o1FAszdk/mqdefault.jpg,The Man Who Can’t Be Moved,The Script,,,The Man Who Can’t Be Moved The Script
2026-08-16,sg,Singapore,top_videos_daily,,65,https://i.ytimg.com/vi/Wg92RrNhB8s/mqdefault.jpg,One Last Time,雅瑞安娜·格蘭德,,,One Last Time 雅瑞安娜·格蘭德
2026-08-16,sg,Singapore,top_videos_daily,,66,https://i.ytimg.com/vi/t0igPuDjYUE/mqdefault.jpg,後來,劉若英,"6月 8, 2012",<10K,"66 66 後來 劉若英 6月 8, 2012 - 3 <10K"
2026-08-16,sg,Singapore,top_videos_daily,,67,https://i.ytimg.com/vi/fhMHHRM6Vtc/mqdefault.jpg,Ayyayo Ammaadi - Lyrical | Sigma | Sundeep | Faria | Yuvan | Thaman S | Jason Sanjay,Prashanthini / S·P·查蘭 / Snehan / SP Balasubrahmanyam,,,"Ayyayo Ammaadi - Lyrical | Sigma | Sundeep | Faria | Yuvan | Thaman S | Jason Sanjay Prashanthini , S·P·查蘭 , Snehan & SP Balasubrahmanyam"
2026-08-16,sg,Singapore,top_videos_daily,,68,https://i.ytimg.com/vi/nfs8NYg7yQM/mqdefault.jpg,Attention,Charlie Puth,,,Attention Charlie Puth
2026-08-16,sg,Singapore,top_videos_daily,,69,https://i.ytimg.com/vi/v1t4MTqdfyI/mqdefault.jpg,hate that i made you love me,Ariana Grande,,,hate that i made you love me Ariana Grande
2026-08-16,sg,Singapore,top_videos_daily,,70,https://i.ytimg.com/vi/_gyultVTesk/mqdefault.jpg,2.0,防彈少年團,"4月 1, 2026",111,"70 4 2.0 防彈少年團 4月 1, 2026 66 111 <10K"
2026-08-16,sg,Singapore,top_videos_daily,,71,https://i.ytimg.com/vi/GnSaLQTrvt0/mqdefault.jpg,Good Goodbye,HWASA,,,Good Goodbye HWASA
2026-08-16,sg,Singapore,top_videos_daily,,72,https://i.ytimg.com/vi/xXZwZ0DolJc/mqdefault.jpg,MOON,BABYMONSTER,,,MOON BABYMONSTER
2026-08-16,sg,Singapore,top_videos_daily,,73,https://i.ytimg.com/vi/iJNwi0fBcsc/mqdefault.jpg,ရှင်ကွဲ - သိပ္ပံထွန်း(Offical lyric vedio),Theinkpan Htun,,,ရှင်ကွဲ - သိပ္ပံထွန်း(Offical lyric vedio) Theinkpan Htun
2026-08-16,sg,Singapore,top_videos_daily,,74,https://i.ytimg.com/vi/ZZAi1l2tnEQ/mqdefault.jpg,過了幾天,郭家瑋,"11月 21, 2024",<10K,"74 1 過了幾天 郭家瑋 11月 21, 2024 75 15 <10K"
2026-08-16,sg,Singapore,top_videos_daily,,75,https://i.ytimg.com/vi/SrD36rogSjc/mqdefault.jpg,過火,張信哲,"2月 7, 2018",<10K,"75 75 過火 張信哲 2月 7, 2018 - 9 <10K"
2026-08-16,sg,Singapore,top_videos_daily,,76,https://i.ytimg.com/vi/kCA93dLzKP4/mqdefault.jpg,一個人,A-Lin,"6月 11, 2026",<10K,"76 9 一個人 A-Lin 6月 11, 2026 85 21 <10K"
2026-08-16,sg,Singapore,top_videos_daily,,77,https://i.ytimg.com/vi/QxWoYkrgpJE/mqdefault.jpg,Nallaru po,Tippu / Sai Abhyankkar,,,Nallaru po Tippu & Sai Abhyankkar
2026-08-16,sg,Singapore,top_videos_daily,,78,https://i.ytimg.com/vi/2ips2mM7Zqw/mqdefault.jpg,뱅뱅뱅,BIGBANG,"6月 1, 2015",<10K,"78 16 뱅뱅뱅 BIGBANG 6月 1, 2015 62 5 <10K"
2026-08-16,sg,Singapore,top_videos_daily,,79,https://i.ytimg.com/vi/Ftjmz8vGjGI/mqdefault.jpg,【單曲純享】張碧晨《字字句句》#天賜的聲音4 EP3,張碧晨,,,【单曲纯享】张碧晨《字字句句》#天赐的声音4 EP3 張碧晨
2026-08-16,sg,Singapore,top_videos_daily,,80,https://i.ytimg.com/vi/EYDgu1KjlgQ/mqdefault.jpg,【獨家LIVE】張遠終於釋懷了！和陳冰演繹新歌《可以不是你》 #天賜的聲音5 EP8 20240614,天賜的聲音,,20240614,【独家LIVE】张远终于释怀了！和陈冰演绎新歌《可以不是你》 #天赐的声音5 EP8 20240614 天赐的声音
2026-08-16,sg,Singapore,top_videos_daily,,81,https://i.ytimg.com/vi/gdGdO6KjF1I/mqdefault.jpg,如果雨之後,周興哲,"12月 18, 2017",<10K,"81 3 如果雨之後 周興哲 12月 18, 2017 78 4 <10K"
2026-08-16,sg,Singapore,top_videos_daily,,82,https://i.ytimg.com/vi/naoGk-Zjc1s/mqdefault.jpg,SUGAR HONEY ICE TEA,BABYMONSTER,,,SUGAR HONEY ICE TEA BABYMONSTER
2026-08-16,sg,Singapore,top_videos_daily,,83,https://i.ytimg.com/vi/qgy7vEje5-w/mqdefault.jpg,Secret Love Song,Little Mix,,,Secret Love Song Little Mix
2026-08-16,sg,Singapore,top_videos_daily,,84,https://i.ytimg.com/vi/Nskf70DMR60/mqdefault.jpg,Sesi Potret,eńau,,,Sesi Potret eńau
2026-08-16,sg,Singapore,top_videos_daily,,85,https://i.ytimg.com/vi/Ys7-6_t7OEQ/mqdefault.jpg,Beauty And A Beat,Justin Bieber,,,Beauty And A Beat Justin Bieber
2026-08-16,sg,Singapore,top_videos_daily,,86,https://i.ytimg.com/vi/osyH9yWWygA/mqdefault.jpg,All For You,周興哲,"7月 16, 2026",<10K,"86 27 All For You 周興哲 7月 16, 2026 59 27 <10K"
2026-08-16,sg,Singapore,top_videos_daily,,87,https://i.ytimg.com/vi/SH9yExKE8bI/mqdefault.jpg,弦外之音 - 捨不得又沒資格 (男女合唱版）『想放棄又難割捨，想靠近又沒資格。』【動態歌詞MV】,HOT MUSIC,,,弦外之音 - 舍不得又没资格 (男女合唱版）『想放弃又难割舍，想靠近又没资格。』【动态歌词MV】 HOT MUSIC
2026-08-16,sg,Singapore,top_videos_daily,,88,https://i.ytimg.com/vi/4jjOH2FR6-E/mqdefault.jpg,xương rồng (intro),Dangrangto / Donal,,,xương rồng (intro) Dangrangto & Donal
2026-08-16,sg,Singapore,top_videos_daily,,89,https://i.ytimg.com/vi/Rb3hfEPyJxQ/mqdefault.jpg,"SECRET - Cody Nam Võ, Quang Hùng MasterD, Wren Evans, CONGB | TINH HÀ SAY HI [PERFORMANCE]",Vie Channel - MUSIC,,,"SECRET - Cody Nam Võ, Quang Hùng MasterD, Wren Evans, CONGB | TINH HÀ SAY HI [PERFORMANCE] Vie Channel - MUSIC"
2026-08-16,sg,Singapore,top_videos_daily,,90,https://i.ytimg.com/vi/aaM7qG2ycjk/mqdefault.jpg,髮如雪,周杰倫,"4月 25, 2013",<10K,"90 ● 髮如雪 周杰倫 4月 25, 2013 90 3 <10K"
2026-08-16,sg,Singapore,top_videos_daily,,91,https://i.ytimg.com/vi/lMorVhR-AWM/mqdefault.jpg,အစားထို,Bunny Phyoe,,,အစားထို Bunny Phyoe
2026-08-16,sg,Singapore,top_videos_daily,,92,https://i.ytimg.com/vi/U6BDbXIah-Y/mqdefault.jpg,REDRED,CORTIS,"4月 20, 2026",101,"92 2 REDRED CORTIS 4月 20, 2026 94 101 <10K"
2026-08-16,sg,Singapore,top_videos_daily,,93,https://i.ytimg.com/vi/37uw4W2MwgU/mqdefault.jpg,離開你以後 (電影《你的婚禮》插曲),周興哲,,,離開你以後 (電影《你的婚禮》插曲) 周興哲
2026-08-16,sg,Singapore,top_videos_daily,,94,https://i.ytimg.com/vi/Rt9tW3cMLhI/mqdefault.jpg,stupid song,Olivia Rodrigo,,,stupid song Olivia Rodrigo
2026-08-16,sg,Singapore,top_videos_daily,,95,https://i.ytimg.com/vi/eB-IK2wPWzw/mqdefault.jpg,ATEEZ(에이티즈) - 'BAD' Performance Stage (@The Kelly Clarkson Show),ATEEZ,,,ATEEZ(에이티즈) - 'BAD' Performance Stage (@The Kelly Clarkson Show) ATEEZ
2026-08-16,sg,Singapore,top_videos_daily,,96,https://i.ytimg.com/vi/8F2s8ivKXNY/mqdefault.jpg,Life Goes On,Oliver Tree,,,Life Goes On Oliver Tree
2026-08-16,sg,Singapore,top_videos_daily,,97,https://i.ytimg.com/vi/T--M_M2NvhM/mqdefault.jpg,Meteor Rain (Live),相信音樂BinMusic,,,Meteor Rain (Live) 相信音樂BinMusic
2026-08-16,sg,Singapore,top_videos_daily,,98,https://i.ytimg.com/vi/Y7ix6RITXM0/mqdefault.jpg,Maps (Lyric Video),Maroon 5,,,Maps (Lyric Video) Maroon 5
2026-08-16,sg,Singapore,top_videos_daily,,99,https://i.ytimg.com/vi/d-aHli06wc0/mqdefault.jpg,Less than a Lover (Performance Version),JENNIE,,,Less than a Lover (Performance Version) JENNIE
2026-08-16,sg,Singapore,top_videos_daily,,100,https://i.ytimg.com/vi/9UcQ7ddVjoc/mqdefault.jpg,Không Buông,Hngle / Ari,,,Không Buông Hngle & Ari
2026-08-16,my,Malaysia,top_videos_daily,,1,https://i.ytimg.com/vi/RO75uUZiAw0/mqdefault.jpg,Teh Hijau,圖魯斯,"6月 29, 2026",199885,"1 ● Teh Hijau 圖魯斯 6月 29, 2026 1 40 199,885"
2026-08-16,my,Malaysia,top_videos_daily,,2,https://i.ytimg.com/vi/GTzi2Y1gX2c/mqdefault.jpg,Sayang Orang Sama,Sayang Orang Sama,,,Sayang Orang Sama Sayang Orang Sama
2026-08-16,my,Malaysia,top_videos_daily,,3,https://i.ytimg.com/vi/cDee7SZwtbk/mqdefault.jpg,Adek Saye Abe Sore,Adek Saye Abe Sore,,,Adek Saye Abe Sore Adek Saye Abe Sore
2026-08-16,my,Malaysia,top_videos_daily,,4,https://i.ytimg.com/vi/acDzcefJoCs/mqdefault.jpg,Dari Bawah,EzHaRHaNzE,,,Dari Bawah EzHaRHaNzE
2026-08-16,my,Malaysia,top_videos_daily,,5,https://i.ytimg.com/vi/K-7olbaOelg/mqdefault.jpg,MMG (My Mine Gueh),Naykilla,,,MMG (My Mine Gueh) Naykilla
2026-08-16,my,Malaysia,top_videos_daily,,6,https://i.ytimg.com/vi/7qnjiZ_jJuU/mqdefault.jpg,Dalam Diam,Mojack Hafiz / Zynakal / Zamir Harith / Bel,,,"Dalam Diam Mojack Hafiz , Zynakal , Zamir Harith & Bel"
2026-08-16,my,Malaysia,top_videos_daily,,7,https://i.ytimg.com/vi/fcnDmrtj6Sk/mqdefault.jpg,Dai Dai,Shakira / Burna Boy,,,Dai Dai Shakira & Burna Boy
2026-08-16,my,Malaysia,top_videos_daily,,8,https://i.ytimg.com/vi/YJnbL_AkLF0/mqdefault.jpg,Menjaga Jodoh Orang Lain (Official Lyric Video),Ara Johari,,,Menjaga Jodoh Orang Lain (Official Lyric Video) Ara Johari
2026-08-16,my,Malaysia,top_videos_daily,,9,https://i.ytimg.com/vi/g-0SbLyIcg8/mqdefault.jpg,Bawaku Pergi,齊薩恩·拉薩克 / Kaka Azraff,,,Bawaku Pergi 齊薩恩·拉薩克 & Kaka Azraff
2026-08-16,my,Malaysia,top_videos_daily,,10,https://i.ytimg.com/vi/5leRG9yTTKI/mqdefault.jpg,Percaya Padaku,Ungu,,,Percaya Padaku Ungu
2026-08-16,my,Malaysia,top_videos_daily,,11,https://i.ytimg.com/vi/yebNIHKAC4A/mqdefault.jpg,Golden,HUNTR/X / EJAE / AUDREY NUNA / REI AMI / KPop Demon Hunters Cast,,,"Golden HUNTR/X , EJAE , AUDREY NUNA , REI AMI & KPop Demon Hunters Cast"
2026-08-16,my,Malaysia,top_videos_daily,,12,https://i.ytimg.com/vi/__Pb1fO2H2A/mqdefault.jpg,Kita Lewati Berdua,overnight,,,Kita Lewati Berdua overnight
2026-08-16,my,Malaysia,top_videos_daily,,13,https://i.ytimg.com/vi/T48XTvKkdf8/mqdefault.jpg,Ku Yang Berjuang,Danial Kifli,,,Ku Yang Berjuang Danial Kifli
2026-08-16,my,Malaysia,top_videos_daily,,14,https://i.ytimg.com/vi/ApXoWvfEYVU/mqdefault.jpg,Sunflower,Post Malone / Swae Lee,,,Sunflower Post Malone & Swae Lee
2026-08-16,my,Malaysia,top_videos_daily,,15,https://i.ytimg.com/vi/awWKxGftWh4/mqdefault.jpg,Dunia Yang Nanti,Raim Laode,,,Dunia Yang Nanti Raim Laode
2026-08-16,my,Malaysia,top_videos_daily,,16,https://i.ytimg.com/vi/s5stGs1ktQc/mqdefault.jpg,Romantis (Official Music Video),Spring,,,Romantis (Official Music Video) Spring
2026-08-16,my,Malaysia,top_videos_daily,,17,https://i.ytimg.com/vi/J8LbC2cvoxA/mqdefault.jpg,Harapalsu,Arghpiez,,,Harapalsu Arghpiez
2026-08-16,my,Malaysia,top_videos_daily,,18,https://i.ytimg.com/vi/0VOhIR3bnXY/mqdefault.jpg,ORANG BARU LEBE GACOR,Ecko Show / Juan Reza / CHESYLINO,,,"ORANG BARU LEBE GACOR Ecko Show , Juan Reza & CHESYLINO"
2026-08-16,my,Malaysia,top_videos_daily,,19,https://i.ytimg.com/vi/7VsejGzcJmM/mqdefault.jpg,Alaakaa Loova,Sai Abhyankkar,,,Alaakaa Loova Sai Abhyankkar
2026-08-16,my,Malaysia,top_videos_daily,,20,https://i.ytimg.com/vi/yvsLPs7l6bY/mqdefault.jpg,Meligai Pengerindu,Igu Anthony,,,Meligai Pengerindu Igu Anthony
2026-08-16,my,Malaysia,top_videos_daily,,21,https://i.ytimg.com/vi/zjxO40VrMZA/mqdefault.jpg,Jiwa Yang Mengalah,Bellestrelle,,,Jiwa Yang Mengalah Bellestrelle
2026-08-16,my,Malaysia,top_videos_daily,,22,https://i.ytimg.com/vi/kJtYLPJpDbo/mqdefault.jpg,Reminisensi,Insomniacks,,,Reminisensi Insomniacks
2026-08-16,my,Malaysia,top_videos_daily,,23,https://i.ytimg.com/vi/N2q8_schirM/mqdefault.jpg,Demi Sekeping Kertas,Latipah,,,Demi Sekeping Kertas Latipah
2026-08-16,my,Malaysia,top_videos_daily,,24,https://i.ytimg.com/vi/ACEEIS_gCDc/mqdefault.jpg,Satu Shaf Di Belakangku,Arvian Dwi,,,Satu Shaf Di Belakangku Arvian Dwi
2026-08-16,my,Malaysia,top_videos_daily,,25,https://i.ytimg.com/vi/qlFuXWRRsxU/mqdefault.jpg,Jodoh Lebaran,Aisha Retno,,,Jodoh Lebaran Aisha Retno
2026-08-16,my,Malaysia,top_videos_daily,,26,https://i.ytimg.com/vi/iY4Xa1srECs/mqdefault.jpg,Kehilanganmu Berat Bagiku,Kangen Band,,,Kehilanganmu Berat Bagiku Kangen Band
2026-08-16,my,Malaysia,top_videos_daily,,27,https://i.ytimg.com/vi/8yl0BUvnsfY/mqdefault.jpg,Mekar Di Jiwa,X-Ray,,,Mekar Di Jiwa X-Ray
2026-08-16,my,Malaysia,top_videos_daily,,28,https://i.ytimg.com/vi/uo94JrbCebA/mqdefault.jpg,Sanggup Aku,Gwen,,,Sanggup Aku Gwen
2026-08-16,my,Malaysia,top_videos_daily,,29,https://i.ytimg.com/vi/x6E_Qj30EZI/mqdefault.jpg,Aishiteru,Zivilia,,,Aishiteru Zivilia
2026-08-16,my,Malaysia,top_videos_daily,,30,https://i.ytimg.com/vi/xvT1jH8B9AM/mqdefault.jpg,KALYANI (Remix),ARJN / KDS / FIFTY4 / 舒蕾亞·戈沙爾,,,"KALYANI (Remix) ARJN , KDS , FIFTY4 & 舒蕾亞·戈沙爾"
2026-08-16,my,Malaysia,top_videos_daily,,31,https://i.ytimg.com/vi/mJE0ROBWPvY/mqdefault.jpg,Lesung Pipi,Raim Laode,,,Lesung Pipi Raim Laode
2026-08-16,my,Malaysia,top_videos_daily,,32,https://i.ytimg.com/vi/fLdVq8n-KQg/mqdefault.jpg,Astaga Bercanda,Akbar Chalay / Mingse,,,Astaga Bercanda Akbar Chalay & Mingse
2026-08-16,my,Malaysia,top_videos_daily,,33,https://i.ytimg.com/vi/Xq1OAd0UqZc/mqdefault.jpg,Memorindu - Arghpiez ft. Edrie Hashim (Official Music Video),Rhunut Music,,,Memorindu - Arghpiez ft. Edrie Hashim (Official Music Video) Rhunut Music
2026-08-16,my,Malaysia,top_videos_daily,,34,https://i.ytimg.com/vi/oIDeGj83us8/mqdefault.jpg,MALAYSIA,法依扎爾·塔基爾,,,MALAYSIA 法依扎爾·塔基爾
2026-08-16,my,Malaysia,top_videos_daily,,35,https://i.ytimg.com/vi/7jBgpXG8PBI/mqdefault.jpg,Airmata Kasih,薩利姆·拉茲維,,,Airmata Kasih 薩利姆·拉茲維
2026-08-16,my,Malaysia,top_videos_daily,,36,https://i.ytimg.com/vi/tjaNVjpyqQI/mqdefault.jpg,Farhana (Puteri Bumi Kenyalang),Jinbara,,,Farhana (Puteri Bumi Kenyalang) Jinbara
2026-08-16,my,Malaysia,top_videos_daily,,37,https://i.ytimg.com/vi/s_w6P5aWVgc/mqdefault.jpg,Punca,Sofazr SecondPlan,,,Punca Sofazr SecondPlan
2026-08-16,my,Malaysia,top_videos_daily,,38,https://i.ytimg.com/vi/M7oZR-MTEZs/mqdefault.jpg,Iqro',Raim Laode,,,Iqro' Raim Laode
2026-08-16,my,Malaysia,top_videos_daily,,39,https://i.ytimg.com/vi/-q_S27LbNKU/mqdefault.jpg,BAD,ATEEZ,"6月 25, 2026",34521,"39 12 BAD ATEEZ 6月 25, 2026 51 48 34,521"
2026-08-16,my,Malaysia,top_videos_daily,,40,https://i.ytimg.com/vi/38_bAaFI41w/mqdefault.jpg,Don't Force Your Longing,Ifan Seventeen,,,Don't Force Your Longing Ifan Seventeen
2026-08-16,my,Malaysia,top_videos_daily,,41,https://i.ytimg.com/vi/ko70cExuzZM/mqdefault.jpg,The Fate of Ophelia,Taylor Swift,,,The Fate of Ophelia Taylor Swift
2026-08-16,my,Malaysia,top_videos_daily,,42,https://i.ytimg.com/vi/E06Rs0JxRGw/mqdefault.jpg,Cak Cak Cekuk,Wani Kayrie,,,Cak Cak Cekuk Wani Kayrie
2026-08-16,my,Malaysia,top_videos_daily,,43,https://i.ytimg.com/vi/ci1f7rciUgg/mqdefault.jpg,Astaga Bercanda,Akbar Chalay / Mingse,,,Astaga Bercanda Akbar Chalay & Mingse
2026-08-16,my,Malaysia,top_videos_daily,,44,https://i.ytimg.com/vi/VR7PK3FPE1Q/mqdefault.jpg,Jemu,May,"2月 14, 2021",32116,"44 2 Jemu May 2月 14, 2021 42 25 32,116"
2026-08-16,my,Malaysia,top_videos_daily,,45,https://i.ytimg.com/vi/OT5msu-dap8/mqdefault.jpg,Shape Of My Heart,Backstreet Boys,,,Shape Of My Heart Backstreet Boys
2026-08-16,my,Malaysia,top_videos_daily,,46,https://i.ytimg.com/vi/cmICctnAWCY/mqdefault.jpg,kota ini tak sama tanpamu,Nadhif Basalamah,,,kota ini tak sama tanpamu Nadhif Basalamah
2026-08-16,my,Malaysia,top_videos_daily,,47,https://i.ytimg.com/vi/Aze7zTyIRtk/mqdefault.jpg,Aura 10/10,Hiphop Tamizha,,,Aura 10/10 Hiphop Tamizha
2026-08-16,my,Malaysia,top_videos_daily,,48,https://i.ytimg.com/vi/lY5V4hSLWY8/mqdefault.jpg,Risk It All,Bruno Mars,,,Risk It All Bruno Mars
2026-08-16,my,Malaysia,top_videos_daily,,49,https://i.ytimg.com/vi/zV0facLoRJA/mqdefault.jpg,Dahsyat,Mojo,"1月 9, 2015",30724,"49 2 Dahsyat Mojo 1月 9, 2015 47 42 30,724"
2026-08-16,my,Malaysia,top_videos_daily,,50,https://i.ytimg.com/vi/anhQ3fC1_hY/mqdefault.jpg,Be My Friend (The Verity Band),Horror Skunx,,,Be My Friend (The Verity Band) Horror Skunx
2026-08-16,my,Malaysia,top_videos_daily,,51,https://i.ytimg.com/vi/0Zwmo3hz_yA/mqdefault.jpg,Bunga Emas,Iklim,,,Bunga Emas Iklim
2026-08-16,my,Malaysia,top_videos_daily,,52,https://i.ytimg.com/vi/zyLmavBAY7k/mqdefault.jpg,Teh Hijau,圖魯斯,"7月 10, 2026",30125,"52 9 Teh Hijau 圖魯斯 7月 10, 2026 61 12 30,125"
2026-08-16,my,Malaysia,top_videos_daily,,53,https://i.ytimg.com/vi/ba-XAIskH_g/mqdefault.jpg,Lantas,Juicy Luicy,,,Lantas Juicy Luicy
2026-08-16,my,Malaysia,top_videos_daily,,54,https://i.ytimg.com/vi/Wg92RrNhB8s/mqdefault.jpg,One Last Time,雅瑞安娜·格蘭德,,,One Last Time 雅瑞安娜·格蘭德
2026-08-16,my,Malaysia,top_videos_daily,,55,https://i.ytimg.com/vi/EUapGKnq_tk/mqdefault.jpg,Kasih Orang Muda,飛輪海,,,Kasih Orang Muda 飛輪海
2026-08-16,my,Malaysia,top_videos_daily,,56,https://i.ytimg.com/vi/82-jTNka3uc/mqdefault.jpg,hate that i made you love me,Ariana Grande,,,hate that i made you love me Ariana Grande
2026-08-16,my,Malaysia,top_videos_daily,,57,https://i.ytimg.com/vi/PT2_F-1esPk/mqdefault.jpg,Closer,The Chainsmokers,,,Closer The Chainsmokers
2026-08-16,my,Malaysia,top_videos_daily,,58,https://i.ytimg.com/vi/mW2quYK8oL8/mqdefault.jpg,Seperti Dulu,Exists,,,Seperti Dulu Exists
2026-08-16,my,Malaysia,top_videos_daily,,59,https://i.ytimg.com/vi/ConUwSndl6Y/mqdefault.jpg,Cinta Mati,Apau Qhaliff,,,Cinta Mati Apau Qhaliff
2026-08-16,my,Malaysia,top_videos_daily,,60,https://i.ytimg.com/vi/pRfmrE0ToTo/mqdefault.jpg,Rewrite the Stars,詹姆士·亞瑟 / 安-瑪莉,,,Rewrite the Stars 詹姆士·亞瑟 & 安-瑪莉
2026-08-16,my,Malaysia,top_videos_daily,,61,https://i.ytimg.com/vi/igALsfpS4BA/mqdefault.jpg,Bunga,Exists,"9月 8, 2020",26490,"61 1 Bunga Exists 9月 8, 2020 60 12 26,490"
2026-08-16,my,Malaysia,top_videos_daily,,62,https://i.ytimg.com/vi/m7k9UMcHbr0/mqdefault.jpg,"KATSEYE (캣츠아이) ""Animal"" Official MV",KATSEYE,,,"KATSEYE (캣츠아이) ""Animal"" Official MV KATSEYE"
2026-08-16,my,Malaysia,top_videos_daily,,63,https://i.ytimg.com/vi/dAevFxbfqkU/mqdefault.jpg,Gadis Manis Kalimantan,Syahriyadi,,,Gadis Manis Kalimantan Syahriyadi
2026-08-16,my,Malaysia,top_videos_daily,,64,https://i.ytimg.com/vi/eXmGmGDJIBE/mqdefault.jpg,Hal Hebat,Govinda X Ernie Zakri,,,Hal Hebat Govinda X Ernie Zakri
2026-08-16,my,Malaysia,top_videos_daily,,65,https://i.ytimg.com/vi/OkTlYjO6SNY/mqdefault.jpg,過了幾天,DIOR 大穎 / 郭家瑋,,,過了幾天 DIOR 大穎 & 郭家瑋
2026-08-16,my,Malaysia,top_videos_daily,,66,https://i.ytimg.com/vi/8F2s8ivKXNY/mqdefault.jpg,Life Goes On,Oliver Tree,,,Life Goes On Oliver Tree
2026-08-16,my,Malaysia,top_videos_daily,,67,https://i.ytimg.com/vi/BZ4UzthYTss/mqdefault.jpg,This & That,Stray Kids,,,This & That Stray Kids
2026-08-16,my,Malaysia,top_videos_daily,,68,https://i.ytimg.com/vi/fMiH9F7O9eM/mqdefault.jpg,Tak Adil,Aisha Retno,,,Tak Adil Aisha Retno
2026-08-16,my,Malaysia,top_videos_daily,,69,https://i.ytimg.com/vi/k_V8Xfkhd_Y/mqdefault.jpg,Tersingkap Kini Rahsia Tersembunyi,Kulit,,,Tersingkap Kini Rahsia Tersembunyi Kulit
2026-08-16,my,Malaysia,top_videos_daily,,70,https://i.ytimg.com/vi/0db5IV8ODz8/mqdefault.jpg,Terasing,Naim Daniel / Iman Troye,,,Terasing Naim Daniel & Iman Troye
2026-08-16,my,Malaysia,top_videos_daily,,71,https://i.ytimg.com/vi/0yW7w8F2TVA/mqdefault.jpg,Say You Won't Let Go,James Arthur,,,Say You Won't Let Go James Arthur
2026-08-16,my,Malaysia,top_videos_daily,,72,https://i.ytimg.com/vi/Il-an3K9pjg/mqdefault.jpg,Anne,Marie,"5月 8, 2018",23343,"72 4 2002 Anne-Marie 5月 8, 2018 76 9 23,343"
2026-08-16,my,Malaysia,top_videos_daily,,73,https://i.ytimg.com/vi/H5mBRsAolIQ/mqdefault.jpg,Mengusung Rindu,Spin,,,Mengusung Rindu Spin
2026-08-16,my,Malaysia,top_videos_daily,,74,https://i.ytimg.com/vi/2uJut6USftQ/mqdefault.jpg,Jatuh Suka,圖魯斯,"3月 2, 2022",22230,"74 18 Jatuh Suka 圖魯斯 3月 2, 2022 92 2 22,230"
2026-08-16,my,Malaysia,top_videos_daily,,75,https://i.ytimg.com/vi/CnF6B2UJ3YA/mqdefault.jpg,Bourgenvilla (Official Music Video),Spring,,,Bourgenvilla (Official Music Video) Spring
2026-08-16,my,Malaysia,top_videos_daily,,76,https://i.ytimg.com/vi/48hNRWso-jI/mqdefault.jpg,Takdir Tercipta,Hafiz Suip / Adira,,,Takdir Tercipta Hafiz Suip & Adira
2026-08-16,my,Malaysia,top_videos_daily,,77,https://i.ytimg.com/vi/wPb_miODtDI/mqdefault.jpg,Astaga Bercanda,Akbar Chalay / Mingse,,,Astaga Bercanda Akbar Chalay & Mingse
2026-08-16,my,Malaysia,top_videos_daily,,78,https://i.ytimg.com/vi/0SbnqsQInqE/mqdefault.jpg,MUTIARA,Ipank / Kintani,,,MUTIARA Ipank & Kintani
2026-08-16,my,Malaysia,top_videos_daily,,79,https://i.ytimg.com/vi/nYLaeQ0_TjY/mqdefault.jpg,Mencari Alasan,Exists,,,Mencari Alasan Exists
2026-08-16,my,Malaysia,top_videos_daily,,80,https://i.ytimg.com/vi/mapIOhPtifo/mqdefault.jpg,Sejiwa,Spring,"8月 2, 2020",21369,"80 7 Sejiwa Spring 8月 2, 2020 87 74 21,369"
2026-08-16,my,Malaysia,top_videos_daily,,81,https://i.ytimg.com/vi/N7LpNIDCyCA/mqdefault.jpg,mejikuhibiniu,Tenxi / Suisei / Jemsii,,,"mejikuhibiniu Tenxi , Suisei & Jemsii"
2026-08-16,my,Malaysia,top_videos_daily,,82,https://i.ytimg.com/vi/Q9D_5C0Xhd8/mqdefault.jpg,Kaban Sampai Mati,Watt Rock,,,Kaban Sampai Mati Watt Rock
2026-08-16,my,Malaysia,top_videos_daily,,83,https://i.ytimg.com/vi/v1t4MTqdfyI/mqdefault.jpg,hate that i made you love me,Ariana Grande,,,hate that i made you love me Ariana Grande
2026-08-16,my,Malaysia,top_videos_daily,,84,https://i.ytimg.com/vi/YacpC7sUXMM/mqdefault.jpg,甲乙丙丁 (你我怎麼兩清伴奏),李佳薇,,,甲乙丙丁 (你我怎麼兩清伴奏) 李佳薇
2026-08-16,my,Malaysia,top_videos_daily,,85,https://i.ytimg.com/vi/PIh2xe4jnpk/mqdefault.jpg,Rude,MAGIC!,"12月 5, 2013",20088,"85 85 Rude MAGIC! 12月 5, 2013 - 6 20,088"
2026-08-16,my,Malaysia,top_videos_daily,,86,https://i.ytimg.com/vi/xXZwZ0DolJc/mqdefault.jpg,MOON,BABYMONSTER,,,MOON BABYMONSTER
2026-08-16,my,Malaysia,top_videos_daily,,87,https://i.ytimg.com/vi/VNuzL5GTK1g/mqdefault.jpg,Menanti janji,Ronnie Hussien,,,Menanti janji Ronnie Hussien
2026-08-16,my,Malaysia,top_videos_daily,,88,https://i.ytimg.com/vi/BHwcpWwnEls/mqdefault.jpg,Cuba Jadi Aku,Nadeera,,,Cuba Jadi Aku Nadeera
2026-08-16,my,Malaysia,top_videos_daily,,89,https://i.ytimg.com/vi/x3eqqoZPV_E/mqdefault.jpg,춤 (CHOOM),BABYMONSTER,,,춤 (CHOOM) BABYMONSTER
2026-08-16,my,Malaysia,top_videos_daily,,90,https://i.ytimg.com/vi/HKqnBYaEYXc/mqdefault.jpg,Tuhan Tahu Kita Saling Cinta,Fajar Noor,,,Tuhan Tahu Kita Saling Cinta Fajar Noor
2026-08-16,my,Malaysia,top_videos_daily,,91,https://i.ytimg.com/vi/Q1CpHSrkqzY/mqdefault.jpg,Jesnita,Exists,"3月 17, 2014",19521,"91 2 Jesnita Exists 3月 17, 2014 93 4 19,521"
2026-08-16,my,Malaysia,top_videos_daily,,92,https://i.ytimg.com/vi/hbJbma5Pr4A/mqdefault.jpg,Masih Terserlah Ayumu,Exists,,,Masih Terserlah Ayumu Exists
2026-08-16,my,Malaysia,top_videos_daily,,93,https://i.ytimg.com/vi/ZqASILLWclk/mqdefault.jpg,Adik Jando Abe Dudo - Den Manjo ft. Eda Ezrin | Official Music Video,ANAK SENI STUDIO,,,Adik Jando Abe Dudo - Den Manjo ft. Eda Ezrin | Official Music Video ANAK SENI STUDIO
2026-08-16,my,Malaysia,top_videos_daily,,94,https://i.ytimg.com/vi/9OF_cF48mjA/mqdefault.jpg,Raavana Mavandaa,Anirudh Ravichander / Vivek,,,Raavana Mavandaa Anirudh Ravichander & Vivek
2026-08-16,my,Malaysia,top_videos_daily,,95,https://i.ytimg.com/vi/6JaeasJw-QI/mqdefault.jpg,Thalapathy Kacheri,Jayanth Maadhur / Anirudh Ravichander / Arun Kaundinya / Nazeeruddin / Srinivasa Mouli,,,"Thalapathy Kacheri Jayanth Maadhur , Anirudh Ravichander , Arun Kaundinya , Nazeeruddin & Srinivasa Mouli"
2026-08-16,my,Malaysia,top_videos_daily,,96,https://i.ytimg.com/vi/49x5rfxmv4E/mqdefault.jpg,Karuppa Kooda Va,Sai Abhyankkar / V·M·馬哈林加姆,,,Karuppa Kooda Va Sai Abhyankkar & V·M·馬哈林加姆
2026-08-16,my,Malaysia,top_videos_daily,,97,https://i.ytimg.com/vi/bMhDJ0S0OBA/mqdefault.jpg,It's Me,ILLIT,"4月 30, 2026",19127,"97 97 It's Me ILLIT 4月 30, 2026 - 94 19,127"
2026-08-16,my,Malaysia,top_videos_daily,,98,https://i.ytimg.com/vi/w-A6rhRULsM/mqdefault.jpg,Lagu Cenderawasih,Kris,,,Lagu Cenderawasih Kris
2026-08-16,my,Malaysia,top_videos_daily,,99,https://i.ytimg.com/vi/chl0R8C4NJ8/mqdefault.jpg,Hearts2Hearts 하츠투하츠 'ICONIC HEART' MV,Hearts2Hearts,,,Hearts2Hearts 하츠투하츠 'ICONIC HEART' MV Hearts2Hearts
2026-08-16,my,Malaysia,top_videos_daily,,100,https://i.ytimg.com/vi/27C4pfRsf9g/mqdefault.jpg,ICONIC BY MISTAKE,LE SSERAFIM / ILLIT / KATSEYE,,,"ICONIC BY MISTAKE LE SSERAFIM , ILLIT & KATSEYE"